service_id,monday,tuesday,wednesday,thursday,friday,saturday,sunday,start_date,end_date
97239,0,0,0,0,0,0,1,20140101,20170101
97240,0,0,0,0,0,1,0,20140101,20170101
97241,0,0,0,0,0,1,0,20140101,20170101
97242,0,0,0,0,0,1,0,20140101,20170101
97243,1,1,1,1,1,0,0,20140101,20170101
97244,0,0,0,0,0,0,1,20140101,20170101
97245,0,0,0,0,0,1,0,20140101,20170101
97246,1,1,1,1,1,0,0,20140101,20170101
97247,1,1,1,1,1,0,0,20140101,20170101
97248,0,0,0,0,0,1,0,20140101,20170101
97249,1,1,1,1,1,0,0,20140101,20170101
97250,0,0,0,0,0,0,1,20140101,20170101
97251,1,1,1,1,1,0,0,20140101,20170101
97252,1,1,1,1,1,0,0,20140101,20170101
97253,1,1,1,1,1,0,0,20140101,20170101
97254,1,1,1,1,1,0,0,20140101,20170101
97255,1,1,1,1,1,0,0,20140101,20170101
97256,1,1,1,1,1,0,0,20140101,20170101
97257,0,0,0,0,0,1,0,20140101,20170101
97258,0,0,0,0,0,1,0,20140101,20170101
97259,0,0,0,0,0,1,0,20140101,20170101
97260,0,0,0,0,0,1,0,20140101,20170101
97261,0,0,0,0,0,1,0,20140101,20170101
97262,0,0,0,0,0,0,1,20140101,20170101
97263,0,0,0,0,0,0,1,20140101,20170101
97264,0,0,0,0,0,0,1,20140101,20170101
97265,1,1,1,1,1,0,0,20140101,20170101
97266,0,0,0,0,0,1,0,20140101,20170101
97267,0,0,0,0,0,1,0,20140101,20170101
97268,0,0,0,0,0,1,0,20140101,20170101
97269,1,1,1,1,1,0,0,20140101,20170101
97270,1,1,1,1,1,0,0,20140101,20170101
97271,0,0,0,0,0,1,0,20140101,20170101
97272,1,1,1,1,1,0,0,20140101,20170101
97273,1,1,1,1,1,0,0,20140101,20170101
97274,0,0,0,0,0,1,0,20140101,20170101
97275,0,0,0,0,0,0,1,20140101,20170101
97276,0,0,0,0,0,1,0,20140101,20170101
97277,1,1,1,1,1,0,0,20140101,20170101
97278,1,1,1,1,1,0,0,20140101,20170101
97279,0,0,0,0,0,1,0,20140101,20170101
97280,0,0,0,0,0,1,0,20140101,20170101
97281,0,0,0,0,0,1,0,20140101,20170101
97282,1,1,1,1,1,0,0,20140101,20170101
97283,1,1,1,1,1,0,0,20140101,20170101
97284,0,0,0,0,0,0,1,20140101,20170101
97285,1,1,1,1,1,0,0,20140101,20170101
97286,0,0,0,0,0,0,1,20140101,20170101
97287,0,0,0,0,0,1,0,20140101,20170101
97288,0,0,0,0,0,0,1,20140101,20170101
97289,0,0,0,0,0,0,1,20140101,20170101
97290,0,0,0,0,0,0,1,20140101,20170101
97291,0,0,0,0,0,0,1,20140101,20170101
97292,0,0,0,0,0,0,1,20140101,20170101
97293,1,1,1,1,1,0,0,20140101,20170101
97294,0,0,0,0,0,1,0,20140101,20170101
97295,0,0,0,0,0,0,1,20140101,20170101
97296,1,1,1,1,1,0,0,20140101,20170101
97297,0,0,0,0,0,1,0,20140101,20170101
97298,0,0,0,0,0,0,1,20140101,20170101
97299,0,0,0,0,0,1,0,20140101,20170101
97300,0,0,0,0,0,0,1,20140101,20170101
97301,1,1,1,1,1,0,0,20140101,20170101
97302,0,0,0,0,0,0,1,20140101,20170101
97303,0,0,0,0,0,1,0,20140101,20170101
97304,1,1,1,1,1,0,0,20140101,20170101
97305,1,1,1,1,1,0,0,20140101,20170101
97306,0,0,0,0,0,1,0,20140101,20170101
97307,1,1,1,1,1,0,0,20140101,20170101
97308,1,1,1,1,1,0,0,20140101,20170101
97309,1,1,1,1,1,0,0,20140101,20170101
97310,1,1,1,1,1,0,0,20140101,20170101
97311,1,1,1,1,1,0,0,20140101,20170101
97312,0,0,0,0,0,1,0,20140101,20170101
97313,0,0,0,0,0,1,0,20140101,20170101
97314,0,0,0,0,0,1,0,20140101,20170101
97315,0,0,0,0,0,1,0,20140101,20170101
97316,0,0,0,0,0,1,0,20140101,20170101
97317,0,0,0,0,0,0,1,20140101,20170101
97318,0,0,0,0,0,0,1,20140101,20170101
97319,0,0,0,0,0,0,1,20140101,20170101
97320,0,0,0,0,0,0,1,20140101,20170101
97321,1,1,1,1,1,0,0,20140101,20170101
97322,0,0,0,0,0,1,0,20140101,20170101
97323,1,1,1,1,1,0,0,20140101,20170101
97324,0,0,0,0,0,1,0,20140101,20170101
97325,0,0,0,0,0,1,0,20140101,20170101
97326,0,0,0,0,0,0,1,20140101,20170101
97327,0,0,0,0,0,1,0,20140101,20170101
97328,1,1,1,1,1,0,0,20140101,20170101
97329,1,1,1,1,1,0,0,20140101,20170101
97330,0,0,0,0,0,0,1,20140101,20170101
97331,0,0,0,0,0,0,1,20140101,20170101
97332,1,1,1,1,1,0,0,20140101,20170101
97333,1,1,1,1,1,0,0,20140101,20170101
97334,1,1,1,1,1,0,0,20140101,20170101
97335,1,1,1,1,1,0,0,20140101,20170101
97336,0,0,0,0,0,1,0,20140101,20170101
97337,0,0,0,0,0,1,0,20140101,20170101
97338,0,0,0,0,0,1,0,20140101,20170101
97339,0,0,0,0,0,1,0,20140101,20170101
97340,0,0,0,0,0,0,1,20140101,20170101
97341,0,0,0,0,0,0,1,20140101,20170101
97342,0,0,0,0,0,0,1,20140101,20170101
97343,0,0,0,0,0,0,1,20140101,20170101
97344,0,0,0,0,0,0,1,20140101,20170101
97345,0,0,0,0,0,1,0,20140101,20170101
97346,0,0,0,0,0,1,0,20140101,20170101
97347,1,1,1,1,1,0,0,20140101,20170101
97348,0,0,0,0,0,1,0,20140101,20170101
97349,0,0,0,0,0,0,1,20140101,20170101
97350,0,0,0,0,0,1,0,20140101,20170101
97351,0,0,0,0,0,1,0,20140101,20170101
97352,1,1,1,1,1,0,0,20140101,20170101
97353,1,1,1,1,1,0,0,20140101,20170101
97354,0,0,0,0,0,1,0,20140101,20170101
97355,0,0,0,0,0,0,1,20140101,20170101
97356,1,1,1,1,1,0,0,20140101,20170101
97357,1,1,1,1,1,0,0,20140101,20170101
97358,1,1,1,1,1,0,0,20140101,20170101
97359,1,1,1,1,1,0,0,20140101,20170101
97360,1,1,1,1,1,0,0,20140101,20170101
97361,0,0,0,0,0,1,0,20140101,20170101
97362,0,0,0,0,0,1,0,20140101,20170101
97363,0,0,0,0,0,1,0,20140101,20170101
97364,0,0,0,0,0,1,0,20140101,20170101
97365,0,0,0,0,0,1,0,20140101,20170101
97366,0,0,0,0,0,1,0,20140101,20170101
97367,0,0,0,0,0,0,1,20140101,20170101
97368,0,0,0,0,0,0,1,20140101,20170101
97369,0,0,0,0,0,0,1,20140101,20170101
97370,0,0,0,0,0,0,1,20140101,20170101
97371,0,0,0,0,0,0,1,20140101,20170101
97372,1,1,1,1,1,0,0,20140101,20170101
97373,0,0,0,0,0,0,1,20140101,20170101
97374,0,0,0,0,0,0,1,20140101,20170101
97375,1,1,1,1,1,0,0,20140101,20170101
97376,0,0,0,0,0,1,0,20140101,20170101
97377,0,0,0,0,0,1,0,20140101,20170101
97378,1,1,1,1,1,0,0,20140101,20170101
97379,0,0,0,0,0,1,0,20140101,20170101
97380,1,1,1,1,1,0,0,20140101,20170101
97381,0,0,0,0,0,1,0,20140101,20170101
97382,1,1,1,1,1,0,0,20140101,20170101
97383,1,1,1,1,1,0,0,20140101,20170101
97384,1,1,1,1,1,0,0,20140101,20170101
97385,1,1,1,1,1,0,0,20140101,20170101
97386,1,1,1,1,1,0,0,20140101,20170101
97387,1,1,1,1,1,0,0,20140101,20170101
97388,0,0,0,0,0,1,0,20140101,20170101
97389,0,0,0,0,0,1,0,20140101,20170101
97390,0,0,0,0,0,1,0,20140101,20170101
97391,0,0,0,0,0,1,0,20140101,20170101
97392,0,0,0,0,0,0,1,20140101,20170101
97393,0,0,0,0,0,0,1,20140101,20170101
97394,0,0,0,0,0,0,1,20140101,20170101
97395,0,0,0,0,0,0,1,20140101,20170101
97396,1,1,1,1,1,0,0,20140101,20170101
97397,0,0,0,0,0,0,1,20140101,20170101
97398,0,0,0,0,0,1,0,20140101,20170101
97399,0,0,0,0,0,1,0,20140101,20170101
97400,1,1,1,1,1,0,0,20140101,20170101
97401,0,0,0,0,0,1,0,20140101,20170101
97402,1,1,1,1,1,0,0,20140101,20170101
97403,1,1,1,1,1,0,0,20140101,20170101
97404,0,0,0,0,0,0,1,20140101,20170101
97405,0,0,0,0,0,0,1,20140101,20170101
97406,1,1,1,1,1,0,0,20140101,20170101
97407,0,0,0,0,0,0,1,20140101,20170101
97408,0,0,0,0,0,1,0,20140101,20170101
97409,1,1,1,1,1,0,0,20140101,20170101
97410,1,1,1,1,1,0,0,20140101,20170101
97411,1,1,1,1,1,0,0,20140101,20170101
97412,1,1,1,1,1,0,0,20140101,20170101
97413,1,1,1,1,1,0,0,20140101,20170101
97414,0,0,0,0,0,1,0,20140101,20170101
97415,0,0,0,0,0,1,0,20140101,20170101
97416,0,0,0,0,0,1,0,20140101,20170101
97417,0,0,0,0,0,1,0,20140101,20170101
97418,0,0,0,0,0,0,1,20140101,20170101
97419,0,0,0,0,0,0,1,20140101,20170101
97420,0,0,0,0,0,0,1,20140101,20170101
97421,0,0,0,0,0,0,1,20140101,20170101
97422,0,0,0,0,0,0,1,20140101,20170101
97423,1,1,1,1,1,0,0,20140101,20170101
97424,0,0,0,0,0,1,0,20140101,20170101
97425,0,0,0,0,0,1,0,20140101,20170101
97426,1,1,1,1,1,0,0,20140101,20170101
97427,0,0,0,0,0,0,1,20140101,20170101
97428,0,0,0,0,0,1,0,20140101,20170101
97429,0,0,0,0,0,0,1,20140101,20170101
97430,0,0,0,0,0,0,1,20140101,20170101
97431,1,1,1,1,1,0,0,20140101,20170101
97432,1,1,1,1,1,0,0,20140101,20170101
97433,0,0,0,0,0,1,0,20140101,20170101
97434,1,1,1,1,1,0,0,20140101,20170101
97435,1,1,1,1,1,0,0,20140101,20170101
97436,1,1,1,1,1,0,0,20140101,20170101
97437,1,1,1,1,1,0,0,20140101,20170101
97438,0,0,0,0,0,1,0,20140101,20170101
97439,0,0,0,0,0,1,0,20140101,20170101
97440,0,0,0,0,0,1,0,20140101,20170101
97441,0,0,0,0,0,1,0,20140101,20170101
97442,0,0,0,0,0,0,1,20140101,20170101
97443,0,0,0,0,0,0,1,20140101,20170101
97444,0,0,0,0,0,0,1,20140101,20170101
97445,0,0,0,0,0,0,1,20140101,20170101
97446,0,0,0,0,0,0,1,20140101,20170101
97447,1,1,1,1,1,0,0,20140101,20170101
97448,1,1,1,1,1,0,0,20140101,20170101
97449,1,1,1,1,1,0,0,20140101,20170101
97450,0,0,0,0,0,1,0,20140101,20170101
97451,0,0,0,0,0,0,1,20140101,20170101
97452,1,1,1,1,1,0,0,20140101,20170101
97453,0,0,0,0,0,0,1,20140101,20170101
97454,0,0,0,0,0,1,0,20140101,20170101
97455,0,0,0,0,0,1,0,20140101,20170101
97456,0,0,0,0,0,0,1,20140101,20170101
97457,1,1,1,1,1,0,0,20140101,20170101
97458,0,0,0,0,0,1,0,20140101,20170101
97459,1,1,1,1,1,0,0,20140101,20170101
97460,1,1,1,1,1,0,0,20140101,20170101
97461,1,1,1,1,1,0,0,20140101,20170101
97462,1,1,1,1,1,0,0,20140101,20170101
97463,1,1,1,1,1,0,0,20140101,20170101
97464,0,0,0,0,0,1,0,20140101,20170101
97465,0,0,0,0,0,1,0,20140101,20170101
97466,0,0,0,0,0,1,0,20140101,20170101
97467,0,0,0,0,0,1,0,20140101,20170101
97468,0,0,0,0,0,0,1,20140101,20170101
97469,0,0,0,0,0,0,1,20140101,20170101
97470,0,0,0,0,0,0,1,20140101,20170101
97471,0,0,0,0,0,0,1,20140101,20170101
97472,0,0,0,0,0,0,1,20140101,20170101
97473,0,0,0,0,0,0,1,20140101,20170101
97474,0,0,0,0,0,1,0,20140101,20170101
97475,1,1,1,1,1,0,0,20140101,20170101
97476,1,1,1,1,1,0,0,20140101,20170101
97477,1,1,1,1,1,0,0,20140101,20170101
97478,1,1,1,1,1,0,0,20140101,20170101
97479,1,1,1,1,1,0,0,20140101,20170101
97480,1,1,1,1,1,0,0,20140101,20170101
97481,0,0,0,0,0,1,0,20140101,20170101
97482,0,0,0,0,0,0,1,20140101,20170101
97483,0,0,0,0,0,0,1,20140101,20170101
97484,1,1,1,1,1,0,0,20140101,20170101
97485,1,1,1,1,1,0,0,20140101,20170101
97486,0,0,0,0,0,1,0,20140101,20170101
97487,1,1,1,1,1,0,0,20140101,20170101
97488,0,0,0,0,0,0,1,20140101,20170101
97489,1,1,1,1,1,0,0,20140101,20170101
97490,0,0,0,0,0,1,0,20140101,20170101
97491,0,0,0,0,0,0,1,20140101,20170101
97492,1,1,1,1,1,0,0,20140101,20170101
97493,1,1,1,1,1,0,0,20140101,20170101
97494,1,1,1,1,1,0,0,20140101,20170101
97495,1,1,1,1,1,0,0,20140101,20170101
97496,0,0,0,0,0,1,0,20140101,20170101
97497,0,0,0,0,0,1,0,20140101,20170101
97498,0,0,0,0,0,0,1,20140101,20170101
97499,0,0,0,0,0,0,1,20140101,20170101
97500,0,0,0,0,0,0,1,20140101,20170101
97501,1,1,1,1,1,0,0,20140101,20170101
97502,0,0,0,0,0,0,1,20140101,20170101
97503,1,1,1,1,1,0,0,20140101,20170101
97504,0,0,0,0,0,1,0,20140101,20170101
97505,0,0,0,0,0,1,0,20140101,20170101
97506,1,1,1,1,1,0,0,20140101,20170101
97507,0,0,0,0,0,1,0,20140101,20170101
97508,0,0,0,0,0,0,1,20140101,20170101
97509,0,0,0,0,0,0,1,20140101,20170101
97510,0,0,0,0,0,0,1,20140101,20170101
97511,0,0,0,0,0,1,0,20140101,20170101
97512,1,1,1,1,1,0,0,20140101,20170101
97513,0,0,0,0,0,0,1,20140101,20170101
97514,1,1,1,1,1,0,0,20140101,20170101
97515,1,1,1,1,1,0,0,20140101,20170101
97516,0,0,0,0,0,1,0,20140101,20170101
97517,0,0,0,0,0,1,0,20140101,20170101
97518,0,0,0,0,0,1,0,20140101,20170101
97519,0,0,0,0,0,1,0,20140101,20170101
97520,0,0,0,0,0,0,1,20140101,20170101
97521,0,0,0,0,0,0,1,20140101,20170101
97522,0,0,0,0,0,0,1,20140101,20170101
97523,0,0,0,0,0,0,1,20140101,20170101
97524,0,0,0,0,0,1,0,20140101,20170101
97525,0,0,0,0,0,0,1,20140101,20170101
97526,0,0,0,0,0,1,0,20140101,20170101
97527,0,0,0,0,0,0,1,20140101,20170101
97528,1,1,1,1,1,0,0,20140101,20170101
97529,1,1,1,1,1,0,0,20140101,20170101
97530,1,1,1,1,1,0,0,20140101,20170101
97531,0,0,0,0,0,0,1,20140101,20170101
97532,0,0,0,0,0,1,0,20140101,20170101
97533,0,0,0,0,0,1,0,20140101,20170101
97534,0,0,0,0,0,1,0,20140101,20170101
97535,1,1,1,1,1,0,0,20140101,20170101
97536,1,1,1,1,1,0,0,20140101,20170101
97537,1,1,1,1,1,0,0,20140101,20170101
97538,1,1,1,1,1,0,0,20140101,20170101
97539,1,1,1,1,1,0,0,20140101,20170101
97540,1,1,1,1,1,0,0,20140101,20170101
97541,1,1,1,1,1,0,0,20140101,20170101
97542,0,0,0,0,0,1,0,20140101,20170101
97543,0,0,0,0,0,1,0,20140101,20170101
97544,0,0,0,0,0,1,0,20140101,20170101
97545,0,0,0,0,0,1,0,20140101,20170101
97546,0,0,0,0,0,1,0,20140101,20170101
97547,0,0,0,0,0,0,1,20140101,20170101
97548,0,0,0,0,0,0,1,20140101,20170101
97549,0,0,0,0,0,0,1,20140101,20170101
97550,0,0,0,0,0,0,1,20140101,20170101
97551,0,0,0,0,0,1,0,20140101,20170101
97552,0,0,0,0,0,1,0,20140101,20170101
97553,1,1,1,1,1,0,0,20140101,20170101
97554,0,0,0,0,0,1,0,20140101,20170101
97555,0,0,0,0,0,1,0,20140101,20170101
97556,1,1,1,1,1,0,0,20140101,20170101
97557,0,0,0,0,0,1,0,20140101,20170101
97558,0,0,0,0,0,0,1,20140101,20170101
97559,0,0,0,0,0,0,1,20140101,20170101
97560,1,1,1,1,1,0,0,20140101,20170101
97561,1,1,1,1,1,0,0,20140101,20170101
97562,1,1,1,1,1,0,0,20140101,20170101
97563,0,0,0,0,0,0,1,20140101,20170101
97564,1,1,1,1,1,0,0,20140101,20170101
97565,1,1,1,1,1,0,0,20140101,20170101
97566,1,1,1,1,1,0,0,20140101,20170101
97567,1,1,1,1,1,0,0,20140101,20170101
97568,1,1,1,1,1,0,0,20140101,20170101
97569,0,0,0,0,0,1,0,20140101,20170101
97570,0,0,0,0,0,1,0,20140101,20170101
97571,0,0,0,0,0,1,0,20140101,20170101
97572,0,0,0,0,0,1,0,20140101,20170101
97573,0,0,0,0,0,1,0,20140101,20170101
97574,0,0,0,0,0,0,1,20140101,20170101
97575,0,0,0,0,0,0,1,20140101,20170101
97576,0,0,0,0,0,0,1,20140101,20170101
97577,0,0,0,0,0,1,0,20140101,20170101
97578,0,0,0,0,0,1,0,20140101,20170101
97579,0,0,0,0,0,1,0,20140101,20170101
97580,0,0,0,0,0,1,0,20140101,20170101
97581,0,0,0,0,0,1,0,20140101,20170101
97582,0,0,0,0,0,0,1,20140101,20170101
97583,0,0,0,0,0,1,0,20140101,20170101
97584,1,1,1,1,1,0,0,20140101,20170101
97585,1,1,1,1,1,0,0,20140101,20170101
97586,0,0,0,0,0,1,0,20140101,20170101
97587,1,1,1,1,1,0,0,20140101,20170101
97588,0,0,0,0,0,1,0,20140101,20170101
97589,0,0,0,0,0,0,1,20140101,20170101
97590,1,1,1,1,1,0,0,20140101,20170101
97591,1,1,1,1,1,0,0,20140101,20170101
97592,0,0,0,0,0,0,1,20140101,20170101
97593,0,0,0,0,0,1,0,20140101,20170101
97594,0,0,0,0,0,1,0,20140101,20170101
97595,1,1,1,1,1,0,0,20140101,20170101
97596,1,1,1,1,1,0,0,20140101,20170101
97597,1,1,1,1,1,0,0,20140101,20170101
97598,1,1,1,1,1,0,0,20140101,20170101
97599,1,1,1,1,1,0,0,20140101,20170101
97600,0,0,0,0,0,0,1,20140101,20170101
97601,0,0,0,0,0,0,1,20140101,20170101
97602,0,0,0,0,0,0,1,20140101,20170101
97603,0,0,0,0,0,0,1,20140101,20170101
97604,1,1,1,1,1,0,0,20140101,20170101
97605,0,0,0,0,0,1,0,20140101,20170101
97606,0,0,0,0,0,1,0,20140101,20170101
97607,1,1,1,1,1,0,0,20140101,20170101
97608,0,0,0,0,0,0,1,20140101,20170101
97609,1,1,1,1,1,0,0,20140101,20170101
97610,0,0,0,0,0,1,0,20140101,20170101
97611,0,0,0,0,0,0,1,20140101,20170101
97612,0,0,0,0,0,1,0,20140101,20170101
97613,1,1,1,1,1,0,0,20140101,20170101
97614,0,0,0,0,0,1,0,20140101,20170101
97615,1,1,1,1,1,0,0,20140101,20170101
97616,0,0,0,0,0,0,1,20140101,20170101
97617,1,1,1,1,1,0,0,20140101,20170101
97618,1,1,1,1,1,0,0,20140101,20170101
97619,1,1,1,1,1,0,0,20140101,20170101
97620,1,1,1,1,1,0,0,20140101,20170101
97621,1,1,1,1,1,0,0,20140101,20170101
97622,0,0,0,0,0,1,0,20140101,20170101
97623,0,0,0,0,0,1,0,20140101,20170101
97624,0,0,0,0,0,1,0,20140101,20170101
97625,0,0,0,0,0,1,0,20140101,20170101
97626,0,0,0,0,0,1,0,20140101,20170101
97627,0,0,0,0,0,0,1,20140101,20170101
97628,0,0,0,0,0,0,1,20140101,20170101
97629,0,0,0,0,0,0,1,20140101,20170101
97630,0,0,0,0,0,0,1,20140101,20170101
97631,1,1,1,1,1,0,0,20140101,20170101
97632,0,0,0,0,0,1,0,20140101,20170101
97633,0,0,0,0,0,0,1,20140101,20170101
97634,0,0,0,0,0,1,0,20140101,20170101
97635,0,0,0,0,0,1,0,20140101,20170101
97636,0,0,0,0,0,1,0,20140101,20170101
97637,1,1,1,1,1,0,0,20140101,20170101
97638,1,1,1,1,1,0,0,20140101,20170101
97639,1,1,1,1,1,0,0,20140101,20170101
97640,0,0,0,0,0,1,0,20140101,20170101
97641,0,0,0,0,0,1,0,20140101,20170101
97642,0,0,0,0,0,1,0,20140101,20170101
97643,0,0,0,0,0,1,0,20140101,20170101
97644,0,0,0,0,0,0,1,20140101,20170101
97645,0,0,0,0,0,1,0,20140101,20170101
97646,1,1,1,1,1,0,0,20140101,20170101
97647,0,0,0,0,0,1,0,20140101,20170101
97648,0,0,0,0,0,1,0,20140101,20170101
97649,1,1,1,1,1,0,0,20140101,20170101
97650,1,1,1,1,1,0,0,20140101,20170101
97651,0,0,0,0,0,0,1,20140101,20170101
97652,1,1,1,1,1,0,0,20140101,20170101
97653,1,1,1,1,1,0,0,20140101,20170101
97654,1,1,1,1,1,0,0,20140101,20170101
97655,1,1,1,1,1,0,0,20140101,20170101
97656,1,1,1,1,1,0,0,20140101,20170101
97657,0,0,0,0,0,1,0,20140101,20170101
97658,0,0,0,0,0,1,0,20140101,20170101
97659,0,0,0,0,0,1,0,20140101,20170101
97660,0,0,0,0,0,0,1,20140101,20170101
97661,1,1,1,1,1,0,0,20140101,20170101
97662,0,0,0,0,0,1,0,20140101,20170101
97663,1,1,1,1,1,0,0,20140101,20170101
97664,0,0,0,0,0,0,1,20140101,20170101
97665,1,1,1,1,1,0,0,20140101,20170101
97666,0,0,0,0,0,1,0,20140101,20170101
97667,1,1,1,1,1,0,0,20140101,20170101
97668,1,1,1,1,1,0,0,20140101,20170101
97669,1,1,1,1,1,0,0,20140101,20170101
97670,1,1,1,1,1,0,0,20140101,20170101
97671,1,1,1,1,1,0,0,20140101,20170101
97672,1,1,1,1,1,0,0,20140101,20170101
97673,1,1,1,1,1,0,0,20140101,20170101
97674,0,0,0,0,0,1,0,20140101,20170101
97675,0,0,0,0,0,1,0,20140101,20170101
97676,0,0,0,0,0,0,1,20140101,20170101
97677,0,0,0,0,0,1,0,20140101,20170101
97678,1,1,1,1,1,0,0,20140101,20170101
97679,1,1,1,1,1,0,0,20140101,20170101
97680,0,0,0,0,0,1,0,20140101,20170101
97681,0,0,0,0,0,0,1,20140101,20170101
97682,1,1,1,1,1,0,0,20140101,20170101
97683,1,1,1,1,1,0,0,20140101,20170101
97684,0,0,0,0,0,1,0,20140101,20170101
97685,0,0,0,0,0,1,0,20140101,20170101
97686,0,0,0,0,0,0,1,20140101,20170101
97687,1,1,1,1,1,0,0,20140101,20170101
97688,1,1,1,1,1,0,0,20140101,20170101
97689,0,0,0,0,0,1,0,20140101,20170101
97690,0,0,0,0,0,1,0,20140101,20170101
97691,1,1,1,1,1,0,0,20140101,20170101
97692,0,0,0,0,0,0,1,20140101,20170101
97693,0,0,0,0,0,1,0,20140101,20170101
97694,1,1,1,1,1,0,0,20140101,20170101
97695,0,0,0,0,0,1,0,20140101,20170101
97696,0,0,0,0,0,1,0,20140101,20170101
97697,1,1,1,1,1,0,0,20140101,20170101
97698,1,1,1,1,1,0,0,20140101,20170101
97699,1,1,1,1,1,0,0,20140101,20170101
97700,1,1,1,1,1,0,0,20140101,20170101
97701,1,1,1,1,1,0,0,20140101,20170101
97702,1,1,1,1,1,0,0,20140101,20170101
97703,0,0,0,0,0,1,0,20140101,20170101
97704,0,0,0,0,0,1,0,20140101,20170101
97705,0,0,0,0,0,1,0,20140101,20170101
97706,0,0,0,0,0,1,0,20140101,20170101
97707,0,0,0,0,0,1,0,20140101,20170101
97708,0,0,0,0,0,0,1,20140101,20170101
97709,0,0,0,0,0,1,0,20140101,20170101
97710,0,0,0,0,0,1,0,20140101,20170101
97711,0,0,0,0,0,1,0,20140101,20170101
97712,0,0,0,0,0,1,0,20140101,20170101
97713,0,0,0,0,0,1,0,20140101,20170101
97714,0,0,0,0,0,1,0,20140101,20170101
97715,0,0,0,0,0,1,0,20140101,20170101
97716,0,0,0,0,0,1,0,20140101,20170101
97717,1,1,1,1,1,0,0,20140101,20170101
97718,1,1,1,1,1,0,0,20140101,20170101
97719,1,1,1,1,1,0,0,20140101,20170101
97720,0,0,0,0,0,1,0,20140101,20170101
97721,1,1,1,1,1,0,0,20140101,20170101
97722,0,0,0,0,0,1,0,20140101,20170101
97723,1,1,1,1,1,0,0,20140101,20170101
97724,0,0,0,0,0,0,1,20140101,20170101
97725,1,1,1,1,1,0,0,20140101,20170101
97726,1,1,1,1,1,0,0,20140101,20170101
97727,1,1,1,1,1,0,0,20140101,20170101
97728,1,1,1,1,1,0,0,20140101,20170101
97729,1,1,1,1,1,0,0,20140101,20170101
97730,0,0,0,0,0,0,1,20140101,20170101
97731,1,1,1,1,1,0,0,20140101,20170101
97732,0,0,0,0,0,0,1,20140101,20170101
97733,1,1,1,1,1,0,0,20140101,20170101
97734,1,1,1,1,1,0,0,20140101,20170101
97735,0,0,0,0,0,1,0,20140101,20170101
97736,0,0,0,0,0,1,0,20140101,20170101
97737,1,1,1,1,1,0,0,20140101,20170101
97738,1,1,1,1,1,0,0,20140101,20170101
97739,1,1,1,1,1,0,0,20140101,20170101
97740,1,1,1,1,1,0,0,20140101,20170101
97741,1,1,1,1,1,0,0,20140101,20170101
97742,0,0,0,0,0,1,0,20140101,20170101
97743,0,0,0,0,0,1,0,20140101,20170101
97744,0,0,0,0,0,0,1,20140101,20170101
97745,1,1,1,1,1,0,0,20140101,20170101
97746,1,1,1,1,1,0,0,20140101,20170101
97747,1,1,1,1,1,0,0,20140101,20170101
97748,1,1,1,1,1,0,0,20140101,20170101
97749,0,0,0,0,0,0,1,20140101,20170101
97750,1,1,1,1,1,0,0,20140101,20170101
97751,1,1,1,1,1,0,0,20140101,20170101
97752,1,1,1,1,1,0,0,20140101,20170101
97753,0,0,0,0,0,1,0,20140101,20170101
97754,1,1,1,1,1,0,0,20140101,20170101
97755,0,0,0,0,0,0,1,20140101,20170101
97756,0,0,0,0,0,1,0,20140101,20170101
97757,1,1,1,1,1,0,0,20140101,20170101
97758,1,1,1,1,1,0,0,20140101,20170101
97759,1,1,1,1,1,0,0,20140101,20170101
97760,1,1,1,1,1,0,0,20140101,20170101
97761,1,1,1,1,1,0,0,20140101,20170101
97762,1,1,1,1,1,0,0,20140101,20170101
97763,1,1,1,1,1,0,0,20140101,20170101
97764,1,1,1,1,1,0,0,20140101,20170101
97765,0,0,0,0,0,1,0,20140101,20170101
97766,0,0,0,0,0,1,0,20140101,20170101
97767,0,0,0,0,0,0,1,20140101,20170101
97768,0,0,0,0,0,0,1,20140101,20170101
97769,0,0,0,0,0,0,1,20140101,20170101
97770,1,1,1,1,1,0,0,20140101,20170101
97771,1,1,1,1,1,0,0,20140101,20170101
97772,0,0,0,0,0,1,0,20140101,20170101
97773,1,1,1,1,1,0,0,20140101,20170101
97774,1,1,1,1,1,0,0,20140101,20170101
97775,1,1,1,1,1,0,0,20140101,20170101
97776,0,0,0,0,0,0,1,20140101,20170101
97777,1,1,1,1,1,0,0,20140101,20170101
97778,1,1,1,1,1,0,0,20140101,20170101
97779,0,0,0,0,0,1,0,20140101,20170101
97780,0,0,0,0,0,0,1,20140101,20170101
97781,0,0,0,0,0,1,0,20140101,20170101
97782,1,1,1,1,1,0,0,20140101,20170101
97783,1,1,1,1,1,0,0,20140101,20170101
97784,1,1,1,1,1,0,0,20140101,20170101
97785,1,1,1,1,1,0,0,20140101,20170101
97786,1,1,1,1,1,0,0,20140101,20170101
97787,1,1,1,1,1,0,0,20140101,20170101
97788,1,1,1,1,1,0,0,20140101,20170101
97789,0,0,0,0,0,1,0,20140101,20170101
97790,0,0,0,0,0,0,1,20140101,20170101
97791,1,1,1,1,1,0,0,20140101,20170101
97792,1,1,1,1,1,0,0,20140101,20170101
97793,0,0,0,0,0,0,1,20140101,20170101
97794,1,1,1,1,1,0,0,20140101,20170101
97795,1,1,1,1,1,0,0,20140101,20170101
97796,1,1,1,1,1,0,0,20140101,20170101
97797,1,1,1,1,1,0,0,20140101,20170101
97798,0,0,0,0,0,1,0,20140101,20170101
97799,1,1,1,1,1,0,0,20140101,20170101
97800,1,1,1,1,1,0,0,20140101,20170101
97801,1,1,1,1,1,0,0,20140101,20170101
97802,1,1,1,1,1,0,0,20140101,20170101
97803,1,1,1,1,1,0,0,20140101,20170101
97804,1,1,1,1,1,0,0,20140101,20170101
97805,0,0,0,0,0,1,0,20140101,20170101
97806,0,0,0,0,0,0,1,20140101,20170101
97807,1,1,1,1,1,0,0,20140101,20170101
97808,1,1,1,1,1,0,0,20140101,20170101
97809,1,1,1,1,1,0,0,20140101,20170101
97810,1,1,1,1,1,0,0,20140101,20170101
97811,0,0,0,0,0,0,1,20140101,20170101
97812,0,0,0,0,0,1,0,20140101,20170101
97813,0,0,0,0,0,0,1,20140101,20170101
97814,0,0,0,0,0,1,0,20140101,20170101
97815,1,1,1,1,1,0,0,20140101,20170101
97816,1,1,1,1,1,0,0,20140101,20170101
97817,1,1,1,1,1,0,0,20140101,20170101
97818,1,1,1,1,1,0,0,20140101,20170101
97819,1,1,1,1,1,0,0,20140101,20170101
97820,1,1,1,1,1,0,0,20140101,20170101
97821,1,1,1,1,1,0,0,20140101,20170101
97822,1,1,1,1,1,0,0,20140101,20170101
97823,1,1,1,1,1,0,0,20140101,20170101
97824,1,1,1,1,1,0,0,20140101,20170101
97825,0,0,0,0,0,1,0,20140101,20170101
97826,0,0,0,0,0,1,0,20140101,20170101
97827,0,0,0,0,0,0,1,20140101,20170101
97828,0,0,0,0,0,0,1,20140101,20170101
97829,1,1,1,1,1,0,0,20140101,20170101
97830,1,1,1,1,1,0,0,20140101,20170101
97831,1,1,1,1,1,0,0,20140101,20170101
97832,1,1,1,1,1,0,0,20140101,20170101
97833,0,0,0,0,0,0,1,20140101,20170101
97834,1,1,1,1,1,0,0,20140101,20170101
97835,1,1,1,1,1,0,0,20140101,20170101
97836,1,1,1,1,1,0,0,20140101,20170101
97837,1,1,1,1,1,0,0,20140101,20170101
97838,0,0,0,0,0,1,0,20140101,20170101
97839,0,0,0,0,0,0,1,20140101,20170101
97840,1,1,1,1,1,0,0,20140101,20170101
97841,0,0,0,0,0,1,0,20140101,20170101
97842,1,1,1,1,1,0,0,20140101,20170101
97843,1,1,1,1,1,0,0,20140101,20170101
97844,1,1,1,1,1,0,0,20140101,20170101
97845,1,1,1,1,1,0,0,20140101,20170101
97846,1,1,1,1,1,0,0,20140101,20170101
97847,1,1,1,1,1,0,0,20140101,20170101
97848,1,1,1,1,1,0,0,20140101,20170101
97849,1,1,1,1,1,0,0,20140101,20170101
97850,1,1,1,1,1,0,0,20140101,20170101
97851,0,0,0,0,0,1,0,20140101,20170101
97852,0,0,0,0,0,1,0,20140101,20170101
97853,0,0,0,0,0,0,1,20140101,20170101
97854,0,0,0,0,0,0,1,20140101,20170101
97855,1,1,1,1,1,0,0,20140101,20170101
97856,0,0,0,0,0,0,1,20140101,20170101
97857,0,0,0,0,0,1,0,20140101,20170101
97858,1,1,1,1,1,0,0,20140101,20170101
97859,0,0,0,0,0,1,0,20140101,20170101
97860,0,0,0,0,0,0,1,20140101,20170101
97861,1,1,1,1,1,0,0,20140101,20170101
97862,0,0,0,0,0,1,0,20140101,20170101
97863,0,0,0,0,0,0,1,20140101,20170101
97864,0,0,0,0,0,1,0,20140101,20170101
97865,1,1,1,1,1,0,0,20140101,20170101
97866,1,1,1,1,1,0,0,20140101,20170101
97867,1,1,1,1,1,0,0,20140101,20170101
97868,0,0,0,0,0,1,0,20140101,20170101
97869,0,0,0,0,0,1,0,20140101,20170101
97870,0,0,0,0,0,0,1,20140101,20170101
97871,1,1,1,1,1,0,0,20140101,20170101
97872,1,1,1,1,1,0,0,20140101,20170101
97873,1,1,1,1,1,0,0,20140101,20170101
97874,0,0,0,0,0,0,1,20140101,20170101
97875,0,0,0,0,0,1,0,20140101,20170101
97876,0,0,0,0,0,0,1,20140101,20170101
97877,1,1,1,1,1,0,0,20140101,20170101
97878,1,1,1,1,1,0,0,20140101,20170101
97879,1,1,1,1,1,0,0,20140101,20170101
97880,0,0,0,0,0,1,0,20140101,20170101
97881,1,1,1,1,1,0,0,20140101,20170101
97882,1,1,1,1,1,0,0,20140101,20170101
97883,1,1,1,1,1,0,0,20140101,20170101
97884,1,1,1,1,1,0,0,20140101,20170101
97885,1,1,1,1,1,0,0,20140101,20170101
97886,1,1,1,1,1,0,0,20140101,20170101
97887,1,1,1,1,1,0,0,20140101,20170101
97888,1,1,1,1,1,0,0,20140101,20170101
97889,1,1,1,1,1,0,0,20140101,20170101
97890,1,1,1,1,1,0,0,20140101,20170101
97891,0,0,0,0,0,1,0,20140101,20170101
97892,0,0,0,0,0,1,0,20140101,20170101
97893,0,0,0,0,0,0,1,20140101,20170101
97894,0,0,0,0,0,0,1,20140101,20170101
97895,0,0,0,0,0,0,1,20140101,20170101
97896,1,1,1,1,1,0,0,20140101,20170101
97897,1,1,1,1,1,0,0,20140101,20170101
97898,0,0,0,0,0,0,1,20140101,20170101
97899,0,0,0,0,0,1,0,20140101,20170101
97900,1,1,1,1,1,0,0,20140101,20170101
97901,1,1,1,1,1,0,0,20140101,20170101
97902,1,1,1,1,1,0,0,20140101,20170101
97903,0,0,0,0,0,1,0,20140101,20170101
97904,1,1,1,1,1,0,0,20140101,20170101
97905,1,1,1,1,1,0,0,20140101,20170101
97906,1,1,1,1,1,0,0,20140101,20170101
97907,1,1,1,1,1,0,0,20140101,20170101
97908,1,1,1,1,1,0,0,20140101,20170101
97909,1,1,1,1,1,0,0,20140101,20170101
97910,1,1,1,1,1,0,0,20140101,20170101
97911,0,0,0,0,0,1,0,20140101,20170101
97912,0,0,0,0,0,1,0,20140101,20170101
97913,0,0,0,0,0,0,1,20140101,20170101
97914,0,0,0,0,0,0,1,20140101,20170101
97915,1,1,1,1,1,0,0,20140101,20170101
97916,1,1,1,1,1,0,0,20140101,20170101
97917,0,0,0,0,0,1,0,20140101,20170101
97918,0,0,0,0,0,0,1,20140101,20170101
97919,1,1,1,1,1,0,0,20140101,20170101
97920,1,1,1,1,1,0,0,20140101,20170101
97921,1,1,1,1,1,0,0,20140101,20170101
97922,0,0,0,0,0,1,0,20140101,20170101
97923,1,1,1,1,1,0,0,20140101,20170101
97924,1,1,1,1,1,0,0,20140101,20170101
97925,1,1,1,1,1,0,0,20140101,20170101
97926,1,1,1,1,1,0,0,20140101,20170101
97927,1,1,1,1,1,0,0,20140101,20170101
97928,0,0,0,0,0,1,0,20140101,20170101
97929,0,0,0,0,0,1,0,20140101,20170101
97930,0,0,0,0,0,0,1,20140101,20170101
97931,1,1,1,1,1,0,0,20140101,20170101
97932,1,1,1,1,1,0,0,20140101,20170101
97933,1,1,1,1,1,0,0,20140101,20170101
97934,1,1,1,1,1,0,0,20140101,20170101
97935,1,1,1,1,1,0,0,20140101,20170101
97936,0,0,0,0,0,1,0,20140101,20170101
97937,1,1,1,1,1,0,0,20140101,20170101
97938,0,0,0,0,0,0,1,20140101,20170101
97939,0,0,0,0,0,0,1,20140101,20170101
97940,1,1,1,1,1,0,0,20140101,20170101
97941,0,0,0,0,0,1,0,20140101,20170101
97942,1,1,1,1,1,0,0,20140101,20170101
97943,1,1,1,1,1,0,0,20140101,20170101
97944,1,1,1,1,1,0,0,20140101,20170101
97945,1,1,1,1,1,0,0,20140101,20170101
97946,1,1,1,1,1,0,0,20140101,20170101
97947,1,1,1,1,1,0,0,20140101,20170101
97948,1,1,1,1,1,0,0,20140101,20170101
97949,1,1,1,1,1,0,0,20140101,20170101
97950,1,1,1,1,1,0,0,20140101,20170101
97951,1,1,1,1,1,0,0,20140101,20170101
97952,1,1,1,1,1,0,0,20140101,20170101
97953,0,0,0,0,0,1,0,20140101,20170101
97954,0,0,0,0,0,1,0,20140101,20170101
97955,0,0,0,0,0,0,1,20140101,20170101
97956,0,0,0,0,0,0,1,20140101,20170101
97957,1,1,1,1,1,0,0,20140101,20170101
97958,1,1,1,1,1,0,0,20140101,20170101
97959,1,1,1,1,1,0,0,20140101,20170101
97960,1,1,1,1,1,0,0,20140101,20170101
97961,1,1,1,1,1,0,0,20140101,20170101
97962,0,0,0,0,0,0,1,20140101,20170101
97963,0,0,0,0,0,0,1,20140101,20170101
97964,1,1,1,1,1,0,0,20140101,20170101
97965,0,0,0,0,0,1,0,20140101,20170101
97966,0,0,0,0,0,1,0,20140101,20170101
97967,1,1,1,1,1,0,0,20140101,20170101
97968,1,1,1,1,1,0,0,20140101,20170101
97969,1,1,1,1,1,0,0,20140101,20170101
97970,1,1,1,1,1,0,0,20140101,20170101
97971,1,1,1,1,1,0,0,20140101,20170101
97972,1,1,1,1,1,0,0,20140101,20170101
97973,0,0,0,0,0,1,0,20140101,20170101
97974,0,0,0,0,0,1,0,20140101,20170101
97975,0,0,0,0,0,0,1,20140101,20170101
97976,0,0,0,0,0,0,1,20140101,20170101
97977,1,1,1,1,1,0,0,20140101,20170101
97978,1,1,1,1,1,0,0,20140101,20170101
97979,1,1,1,1,1,0,0,20140101,20170101
97980,0,0,0,0,0,1,0,20140101,20170101
97981,0,0,0,0,0,0,1,20140101,20170101
97982,1,1,1,1,1,0,0,20140101,20170101
97983,1,1,1,1,1,0,0,20140101,20170101
97984,1,1,1,1,1,0,0,20140101,20170101
97985,1,1,1,1,1,0,0,20140101,20170101
97986,0,0,0,0,0,0,1,20140101,20170101
97987,0,0,0,0,0,1,0,20140101,20170101
97988,1,1,1,1,1,0,0,20140101,20170101
97989,1,1,1,1,1,0,0,20140101,20170101
97990,1,1,1,1,1,0,0,20140101,20170101
97991,1,1,1,1,1,0,0,20140101,20170101
97992,1,1,1,1,1,0,0,20140101,20170101
97993,1,1,1,1,1,0,0,20140101,20170101
97994,1,1,1,1,1,0,0,20140101,20170101
97995,0,0,0,0,0,1,0,20140101,20170101
97996,0,0,0,0,0,1,0,20140101,20170101
97997,0,0,0,0,0,0,1,20140101,20170101
97998,0,0,0,0,0,0,1,20140101,20170101
97999,1,1,1,1,1,0,0,20140101,20170101
98000,0,0,0,0,0,0,1,20140101,20170101
98001,1,1,1,1,1,0,0,20140101,20170101
98002,0,0,0,0,0,1,0,20140101,20170101
98003,1,1,1,1,1,0,0,20140101,20170101
98004,1,1,1,1,1,0,0,20140101,20170101
98005,1,1,1,1,1,0,0,20140101,20170101
98006,1,1,1,1,1,0,0,20140101,20170101
98007,0,0,0,0,0,0,1,20140101,20170101
98008,1,1,1,1,1,0,0,20140101,20170101
98009,1,1,1,1,1,0,0,20140101,20170101
98010,1,1,1,1,1,0,0,20140101,20170101
98011,0,0,0,0,0,1,0,20140101,20170101
98012,1,1,1,1,1,0,0,20140101,20170101
98013,1,1,1,1,1,0,0,20140101,20170101
98014,1,1,1,1,1,0,0,20140101,20170101
98015,1,1,1,1,1,0,0,20140101,20170101
98016,1,1,1,1,1,0,0,20140101,20170101
98017,1,1,1,1,1,0,0,20140101,20170101
98018,1,1,1,1,1,0,0,20140101,20170101
98019,1,1,1,1,1,0,0,20140101,20170101
98020,1,1,1,1,1,0,0,20140101,20170101
98021,0,0,0,0,0,1,0,20140101,20170101
98022,0,0,0,0,0,1,0,20140101,20170101
98023,0,0,0,0,0,0,1,20140101,20170101
98024,0,0,0,0,0,0,1,20140101,20170101
98025,0,0,0,0,0,1,0,20140101,20170101
98026,1,1,1,1,1,0,0,20140101,20170101
98027,1,1,1,1,1,0,0,20140101,20170101
98028,0,0,0,0,0,1,0,20140101,20170101
98029,0,0,0,0,0,0,1,20140101,20170101
98030,1,1,1,1,1,0,0,20140101,20170101
98031,1,1,1,1,1,0,0,20140101,20170101
98032,1,1,1,1,1,0,0,20140101,20170101
98033,1,1,1,1,1,0,0,20140101,20170101
98034,1,1,1,1,1,0,0,20140101,20170101
98035,0,0,0,0,0,0,1,20140101,20170101
98036,1,1,1,1,1,0,0,20140101,20170101
98037,1,1,1,1,1,0,0,20140101,20170101
98038,1,1,1,1,1,0,0,20140101,20170101
98039,1,1,1,1,1,0,0,20140101,20170101
98040,1,1,1,1,1,0,0,20140101,20170101
98041,1,1,1,1,1,0,0,20140101,20170101
98042,1,1,1,1,1,0,0,20140101,20170101
98043,1,1,1,1,1,0,0,20140101,20170101
98044,1,1,1,1,1,0,0,20140101,20170101
98045,1,1,1,1,1,0,0,20140101,20170101
98046,1,1,1,1,1,0,0,20140101,20170101
98047,0,0,0,0,0,1,0,20140101,20170101
98048,0,0,0,0,0,1,0,20140101,20170101
98049,0,0,0,0,0,0,1,20140101,20170101
98050,0,0,0,0,0,0,1,20140101,20170101
98301,1,1,1,1,1,0,0,20140101,20170101
98302,0,0,0,0,0,1,0,20140101,20170101
98303,0,0,0,0,0,0,1,20140101,20170101
98304,1,1,1,1,1,0,0,20140101,20170101
98305,0,0,0,0,0,1,0,20140101,20170101
98306,0,0,0,0,0,0,1,20140101,20170101
97077,0,0,0,0,0,0,1,20140101,20170101
97078,1,1,1,1,1,0,0,20140101,20170101
97079,1,1,1,1,1,0,0,20140101,20170101
97080,1,1,1,1,1,0,0,20140101,20170101
97081,1,1,1,1,1,0,0,20140101,20170101
97082,1,1,1,1,1,0,0,20140101,20170101
97083,1,1,1,1,1,0,0,20140101,20170101
97084,0,0,0,0,0,0,1,20140101,20170101
97085,0,0,0,0,0,1,0,20140101,20170101
97086,1,1,1,1,1,0,0,20140101,20170101
97087,0,0,0,0,0,1,0,20140101,20170101
97088,1,1,1,1,1,0,0,20140101,20170101
97089,1,1,1,1,1,0,0,20140101,20170101
97090,1,1,1,1,1,0,0,20140101,20170101
97091,1,1,1,1,1,0,0,20140101,20170101
97092,1,1,1,1,1,0,0,20140101,20170101
97093,1,1,1,1,1,0,0,20140101,20170101
97094,0,0,0,0,0,0,1,20140101,20170101
97095,1,1,1,1,1,0,0,20140101,20170101
97096,0,0,0,0,0,1,0,20140101,20170101
97097,0,0,0,0,0,1,0,20140101,20170101
97098,1,1,1,1,1,0,0,20140101,20170101
97099,1,1,1,1,1,0,0,20140101,20170101
97100,0,0,0,0,0,0,1,20140101,20170101
97101,0,0,0,0,0,0,1,20140101,20170101
97102,1,1,1,1,1,0,0,20140101,20170101
97103,1,1,1,1,1,0,0,20140101,20170101
97104,1,1,1,1,1,0,0,20140101,20170101
97105,0,0,0,0,0,1,0,20140101,20170101
97106,0,0,0,0,0,1,0,20140101,20170101
97107,0,0,0,0,0,0,1,20140101,20170101
97108,1,1,1,1,1,0,0,20140101,20170101
97109,1,1,1,1,1,0,0,20140101,20170101
97110,1,1,1,1,1,0,0,20140101,20170101
97111,0,0,0,0,0,0,1,20140101,20170101
97112,0,0,0,0,0,1,0,20140101,20170101
97113,1,1,1,1,1,0,0,20140101,20170101
97114,1,1,1,1,1,0,0,20140101,20170101
97115,1,1,1,1,1,0,0,20140101,20170101
97116,1,1,1,1,1,0,0,20140101,20170101
97117,1,1,1,1,1,0,0,20140101,20170101
97118,1,1,1,1,1,0,0,20140101,20170101
97119,0,0,0,0,0,1,0,20140101,20170101
97120,0,0,0,0,0,0,1,20140101,20170101
97121,1,1,1,1,1,0,0,20140101,20170101
97122,1,1,1,1,1,0,0,20140101,20170101
97123,0,0,0,0,0,1,0,20140101,20170101
97124,1,1,1,1,1,0,0,20140101,20170101
97125,1,1,1,1,1,0,0,20140101,20170101
97126,1,1,1,1,1,0,0,20140101,20170101
97127,0,0,0,0,0,1,0,20140101,20170101
97128,1,1,1,1,1,0,0,20140101,20170101
97129,0,0,0,0,0,0,1,20140101,20170101
97130,0,0,0,0,0,0,1,20140101,20170101
97131,1,1,1,1,1,0,0,20140101,20170101
97132,1,1,1,1,1,0,0,20140101,20170101
97133,1,1,1,1,1,0,0,20140101,20170101
97134,1,1,1,1,1,0,0,20140101,20170101
97135,1,1,1,1,1,0,0,20140101,20170101
97136,1,1,1,1,1,0,0,20140101,20170101
97137,0,0,0,0,0,1,0,20140101,20170101
97138,0,0,0,0,0,1,0,20140101,20170101
97139,0,0,0,0,0,0,1,20140101,20170101
97140,0,0,0,0,0,0,1,20140101,20170101
97141,0,0,0,0,0,1,0,20140101,20170101
97142,1,1,1,1,1,0,0,20140101,20170101
97143,0,0,0,0,0,1,0,20140101,20170101
97144,1,1,1,1,1,0,0,20140101,20170101
97145,1,1,1,1,1,0,0,20140101,20170101
97146,0,0,0,0,0,0,1,20140101,20170101
97147,1,1,1,1,1,0,0,20140101,20170101
97148,1,1,1,1,1,0,0,20140101,20170101
97149,1,1,1,1,1,0,0,20140101,20170101
97150,1,1,1,1,1,0,0,20140101,20170101
97151,1,1,1,1,1,0,0,20140101,20170101
97152,1,1,1,1,1,0,0,20140101,20170101
97153,1,1,1,1,1,0,0,20140101,20170101
97154,1,1,1,1,1,0,0,20140101,20170101
97155,1,1,1,1,1,0,0,20140101,20170101
97156,0,0,0,0,0,1,0,20140101,20170101
97157,0,0,0,0,0,1,0,20140101,20170101
97158,0,0,0,0,0,0,1,20140101,20170101
97159,1,1,1,1,1,0,0,20140101,20170101
97160,1,1,1,1,1,0,0,20140101,20170101
97161,1,1,1,1,1,0,0,20140101,20170101
97162,1,1,1,1,1,0,0,20140101,20170101
97163,1,1,1,1,1,0,0,20140101,20170101
97164,1,1,1,1,1,0,0,20140101,20170101
97165,1,1,1,1,1,0,0,20140101,20170101
97166,1,1,1,1,1,0,0,20140101,20170101
97167,0,0,0,0,0,1,0,20140101,20170101
97168,0,0,0,0,0,0,1,20140101,20170101
97169,0,0,0,0,0,1,0,20140101,20170101
97170,1,1,1,1,1,0,0,20140101,20170101
97171,1,1,1,1,1,0,0,20140101,20170101
97172,1,1,1,1,1,0,0,20140101,20170101
97173,1,1,1,1,1,0,0,20140101,20170101
97174,1,1,1,1,1,0,0,20140101,20170101
97175,1,1,1,1,1,0,0,20140101,20170101
97176,1,1,1,1,1,0,0,20140101,20170101
97177,1,1,1,1,1,0,0,20140101,20170101
97178,0,0,0,0,0,1,0,20140101,20170101
97179,0,0,0,0,0,1,0,20140101,20170101
97180,0,0,0,0,0,0,1,20140101,20170101
97181,1,1,1,1,1,0,0,20140101,20170101
97182,0,0,0,0,0,1,0,20140101,20170101
97183,1,1,1,1,1,0,0,20140101,20170101
97184,1,1,1,1,1,0,0,20140101,20170101
97185,1,1,1,1,1,0,0,20140101,20170101
97186,0,0,0,0,0,1,0,20140101,20170101
97187,1,1,1,1,1,0,0,20140101,20170101
97188,0,0,0,0,0,0,1,20140101,20170101
97189,1,1,1,1,1,0,0,20140101,20170101
97190,1,1,1,1,1,0,0,20140101,20170101
97191,1,1,1,1,1,0,0,20140101,20170101
97192,1,1,1,1,1,0,0,20140101,20170101
97193,1,1,1,1,1,0,0,20140101,20170101
97194,1,1,1,1,1,0,0,20140101,20170101
97195,1,1,1,1,1,0,0,20140101,20170101
97196,1,1,1,1,1,0,0,20140101,20170101
97197,1,1,1,1,1,0,0,20140101,20170101
97198,1,1,1,1,1,0,0,20140101,20170101
97199,1,1,1,1,1,0,0,20140101,20170101
97200,0,0,0,0,0,1,0,20140101,20170101
97201,0,0,0,0,0,1,0,20140101,20170101
97202,0,0,0,0,0,0,1,20140101,20170101
97203,0,0,0,0,0,1,0,20140101,20170101
97204,1,1,1,1,1,0,0,20140101,20170101
97205,1,1,1,1,1,0,0,20140101,20170101
97206,1,1,1,1,1,0,0,20140101,20170101
97207,1,1,1,1,1,0,0,20140101,20170101
97208,0,0,0,0,0,0,1,20140101,20170101
97209,1,1,1,1,1,0,0,20140101,20170101
97210,1,1,1,1,1,0,0,20140101,20170101
97211,1,1,1,1,1,0,0,20140101,20170101
97212,1,1,1,1,1,0,0,20140101,20170101
97213,1,1,1,1,1,0,0,20140101,20170101
97214,1,1,1,1,1,0,0,20140101,20170101
97215,1,1,1,1,1,0,0,20140101,20170101
97216,1,1,1,1,1,0,0,20140101,20170101
97217,1,1,1,1,1,0,0,20140101,20170101
97218,1,1,1,1,1,0,0,20140101,20170101
97219,1,1,1,1,1,0,0,20140101,20170101
97220,1,1,1,1,1,0,0,20140101,20170101
97221,0,0,0,0,0,1,0,20140101,20170101
97222,0,0,0,0,0,0,1,20140101,20170101
97223,0,0,0,0,0,1,0,20140101,20170101
97224,1,1,1,1,1,0,0,20140101,20170101
97225,1,1,1,1,1,0,0,20140101,20170101
97226,0,0,0,0,0,0,1,20140101,20170101
97227,1,1,1,1,1,0,0,20140101,20170101
97228,1,1,1,1,1,0,0,20140101,20170101
97229,1,1,1,1,1,0,0,20140101,20170101
97230,1,1,1,1,1,0,0,20140101,20170101
97231,0,0,0,0,0,1,0,20140101,20170101
97232,0,0,0,0,0,0,1,20140101,20170101
97233,0,0,0,0,0,0,1,20140101,20170101
97234,0,0,0,0,0,1,0,20140101,20170101
97235,1,1,1,1,1,0,0,20140101,20170101
97236,1,1,1,1,1,0,0,20140101,20170101
97237,0,0,0,0,0,1,0,20140101,20170101
97238,0,0,0,0,0,0,1,20140101,20170101
96835,0,0,0,0,0,0,1,20140101,20170101
96836,1,1,1,1,1,0,0,20140101,20170101
96837,0,0,0,0,0,0,1,20140101,20170101
96838,1,1,1,1,1,0,0,20140101,20170101
96839,1,1,1,1,1,0,0,20140101,20170101
96840,1,1,1,1,1,0,0,20140101,20170101
96841,1,1,1,1,1,0,0,20140101,20170101
96842,0,0,0,0,0,1,0,20140101,20170101
96843,1,1,1,1,1,0,0,20140101,20170101
96844,1,1,1,1,1,0,0,20140101,20170101
96845,1,1,1,1,1,0,0,20140101,20170101
96846,1,1,1,1,1,0,0,20140101,20170101
96847,1,1,1,1,1,0,0,20140101,20170101
96848,1,1,1,1,1,0,0,20140101,20170101
96849,1,1,1,1,1,0,0,20140101,20170101
96850,1,1,1,1,1,0,0,20140101,20170101
96851,1,1,1,1,1,0,0,20140101,20170101
96852,1,1,1,1,1,0,0,20140101,20170101
96853,1,1,1,1,1,0,0,20140101,20170101
96854,0,0,0,0,0,1,0,20140101,20170101
96855,0,0,0,0,0,0,1,20140101,20170101
96856,0,0,0,0,0,0,1,20140101,20170101
96857,0,0,0,0,0,0,1,20140101,20170101
96858,1,1,1,1,1,0,0,20140101,20170101
96859,0,0,0,0,0,0,1,20140101,20170101
96860,0,0,0,0,0,1,0,20140101,20170101
96861,0,0,0,0,0,1,0,20140101,20170101
96862,0,0,0,0,0,0,1,20140101,20170101
96863,0,0,0,0,0,0,1,20140101,20170101
96864,1,1,1,1,1,0,0,20140101,20170101
96865,0,0,0,0,0,1,0,20140101,20170101
96866,0,0,0,0,0,1,0,20140101,20170101
96867,0,0,0,0,0,0,1,20140101,20170101
96868,1,1,1,1,1,0,0,20140101,20170101
96869,0,0,0,0,0,1,0,20140101,20170101
96870,1,1,1,1,1,0,0,20140101,20170101
96871,1,1,1,1,1,0,0,20140101,20170101
96872,1,1,1,1,1,0,0,20140101,20170101
96873,0,0,0,0,0,0,1,20140101,20170101
96874,1,1,1,1,1,0,0,20140101,20170101
96875,0,0,0,0,0,1,0,20140101,20170101
96876,1,1,1,1,1,0,0,20140101,20170101
96877,1,1,1,1,1,0,0,20140101,20170101
96878,1,1,1,1,1,0,0,20140101,20170101
96879,1,1,1,1,1,0,0,20140101,20170101
96880,1,1,1,1,1,0,0,20140101,20170101
96881,1,1,1,1,1,0,0,20140101,20170101
96882,1,1,1,1,1,0,0,20140101,20170101
96883,0,0,0,0,0,1,0,20140101,20170101
96884,0,0,0,0,0,1,0,20140101,20170101
96885,0,0,0,0,0,0,1,20140101,20170101
96886,0,0,0,0,0,0,1,20140101,20170101
96887,1,1,1,1,1,0,0,20140101,20170101
96888,0,0,0,0,0,0,1,20140101,20170101
96889,0,0,0,0,0,1,0,20140101,20170101
96890,1,1,1,1,1,0,0,20140101,20170101
96891,1,1,1,1,1,0,0,20140101,20170101
96892,1,1,1,1,1,0,0,20140101,20170101
96893,1,1,1,1,1,0,0,20140101,20170101
96894,1,1,1,1,1,0,0,20140101,20170101
96895,1,1,1,1,1,0,0,20140101,20170101
96896,1,1,1,1,1,0,0,20140101,20170101
96897,1,1,1,1,1,0,0,20140101,20170101
96898,0,0,0,0,0,1,0,20140101,20170101
96899,1,1,1,1,1,0,0,20140101,20170101
96900,1,1,1,1,1,0,0,20140101,20170101
96901,1,1,1,1,1,0,0,20140101,20170101
96902,1,1,1,1,1,0,0,20140101,20170101
96903,1,1,1,1,1,0,0,20140101,20170101
96904,1,1,1,1,1,0,0,20140101,20170101
96905,1,1,1,1,1,0,0,20140101,20170101
96906,1,1,1,1,1,0,0,20140101,20170101
96907,1,1,1,1,1,0,0,20140101,20170101
96908,1,1,1,1,1,0,0,20140101,20170101
96909,1,1,1,1,1,0,0,20140101,20170101
96910,0,0,0,0,0,1,0,20140101,20170101
96911,0,0,0,0,0,1,0,20140101,20170101
96912,0,0,0,0,0,0,1,20140101,20170101
96913,0,0,0,0,0,0,1,20140101,20170101
96914,1,1,1,1,1,0,0,20140101,20170101
96915,1,1,1,1,1,0,0,20140101,20170101
96916,1,1,1,1,1,0,0,20140101,20170101
96917,1,1,1,1,1,0,0,20140101,20170101
96918,0,0,0,0,0,1,0,20140101,20170101
96919,1,1,1,1,1,0,0,20140101,20170101
96920,1,1,1,1,1,0,0,20140101,20170101
96921,0,0,0,0,0,1,0,20140101,20170101
96922,1,1,1,1,1,0,0,20140101,20170101
96923,1,1,1,1,1,0,0,20140101,20170101
96924,1,1,1,1,1,0,0,20140101,20170101
96925,1,1,1,1,1,0,0,20140101,20170101
96926,1,1,1,1,1,0,0,20140101,20170101
96927,1,1,1,1,1,0,0,20140101,20170101
96928,1,1,1,1,1,0,0,20140101,20170101
96929,1,1,1,1,1,0,0,20140101,20170101
96930,1,1,1,1,1,0,0,20140101,20170101
96931,1,1,1,1,1,0,0,20140101,20170101
96932,0,0,0,0,0,1,0,20140101,20170101
96933,0,0,0,0,0,1,0,20140101,20170101
96934,0,0,0,0,0,0,1,20140101,20170101
96935,1,1,1,1,1,0,0,20140101,20170101
96936,1,1,1,1,1,0,0,20140101,20170101
96937,0,0,0,0,0,0,1,20140101,20170101
96938,0,0,0,0,0,1,0,20140101,20170101
96939,0,0,0,0,0,0,1,20140101,20170101
96940,1,1,1,1,1,0,0,20140101,20170101
96941,1,1,1,1,1,0,0,20140101,20170101
96942,1,1,1,1,1,0,0,20140101,20170101
96943,0,0,0,0,0,1,0,20140101,20170101
96944,1,1,1,1,1,0,0,20140101,20170101
96945,1,1,1,1,1,0,0,20140101,20170101
96946,1,1,1,1,1,0,0,20140101,20170101
96947,1,1,1,1,1,0,0,20140101,20170101
96948,1,1,1,1,1,0,0,20140101,20170101
96949,1,1,1,1,1,0,0,20140101,20170101
96950,1,1,1,1,1,0,0,20140101,20170101
96951,1,1,1,1,1,0,0,20140101,20170101
96952,1,1,1,1,1,0,0,20140101,20170101
96953,0,0,0,0,0,1,0,20140101,20170101
96954,0,0,0,0,0,1,0,20140101,20170101
96955,0,0,0,0,0,0,1,20140101,20170101
96956,0,0,0,0,0,0,1,20140101,20170101
96957,1,1,1,1,1,0,0,20140101,20170101
96958,1,1,1,1,1,0,0,20140101,20170101
96959,1,1,1,1,1,0,0,20140101,20170101
96960,1,1,1,1,1,0,0,20140101,20170101
96961,1,1,1,1,1,0,0,20140101,20170101
96962,0,0,0,0,0,0,1,20140101,20170101
96963,1,1,1,1,1,0,0,20140101,20170101
96964,1,1,1,1,1,0,0,20140101,20170101
96965,0,0,0,0,0,0,1,20140101,20170101
96966,0,0,0,0,0,1,0,20140101,20170101
96967,1,1,1,1,1,0,0,20140101,20170101
96968,1,1,1,1,1,0,0,20140101,20170101
96969,0,0,0,0,0,1,0,20140101,20170101
96970,1,1,1,1,1,0,0,20140101,20170101
96971,1,1,1,1,1,0,0,20140101,20170101
96972,1,1,1,1,1,0,0,20140101,20170101
96973,1,1,1,1,1,0,0,20140101,20170101
96974,1,1,1,1,1,0,0,20140101,20170101
96975,1,1,1,1,1,0,0,20140101,20170101
96976,1,1,1,1,1,0,0,20140101,20170101
96977,1,1,1,1,1,0,0,20140101,20170101
96978,1,1,1,1,1,0,0,20140101,20170101
96979,0,0,0,0,0,1,0,20140101,20170101
96980,0,0,0,0,0,1,0,20140101,20170101
96981,0,0,0,0,0,0,1,20140101,20170101
96982,0,0,0,0,0,0,1,20140101,20170101
96983,1,1,1,1,1,0,0,20140101,20170101
96984,0,0,0,0,0,0,1,20140101,20170101
96985,1,1,1,1,1,0,0,20140101,20170101
96986,0,0,0,0,0,0,1,20140101,20170101
96987,1,1,1,1,1,0,0,20140101,20170101
96988,0,0,0,0,0,1,0,20140101,20170101
96989,0,0,0,0,0,1,0,20140101,20170101
96990,1,1,1,1,1,0,0,20140101,20170101
96991,1,1,1,1,1,0,0,20140101,20170101
96992,1,1,1,1,1,0,0,20140101,20170101
96993,1,1,1,1,1,0,0,20140101,20170101
96994,1,1,1,1,1,0,0,20140101,20170101
96995,1,1,1,1,1,0,0,20140101,20170101
96996,1,1,1,1,1,0,0,20140101,20170101
96997,1,1,1,1,1,0,0,20140101,20170101
96998,1,1,1,1,1,0,0,20140101,20170101
96999,1,1,1,1,1,0,0,20140101,20170101
97000,1,1,1,1,1,0,0,20140101,20170101
97001,1,1,1,1,1,0,0,20140101,20170101
97002,1,1,1,1,1,0,0,20140101,20170101
97003,1,1,1,1,1,0,0,20140101,20170101
97004,1,1,1,1,1,0,0,20140101,20170101
97005,0,0,0,0,0,1,0,20140101,20170101
97006,0,0,0,0,0,1,0,20140101,20170101
97007,0,0,0,0,0,0,1,20140101,20170101
97008,0,0,0,0,0,0,1,20140101,20170101
97009,0,0,0,0,0,1,0,20140101,20170101
97010,1,1,1,1,1,0,0,20140101,20170101
97011,1,1,1,1,1,0,0,20140101,20170101
97012,1,1,1,1,1,0,0,20140101,20170101
97013,0,0,0,0,0,0,1,20140101,20170101
97014,1,1,1,1,1,0,0,20140101,20170101
97015,0,0,0,0,0,1,0,20140101,20170101
97016,1,1,1,1,1,0,0,20140101,20170101
97017,1,1,1,1,1,0,0,20140101,20170101
97018,1,1,1,1,1,0,0,20140101,20170101
97019,0,0,0,0,0,0,1,20140101,20170101
97020,1,1,1,1,1,0,0,20140101,20170101
97021,1,1,1,1,1,0,0,20140101,20170101
97022,1,1,1,1,1,0,0,20140101,20170101
97023,1,1,1,1,1,0,0,20140101,20170101
97024,1,1,1,1,1,0,0,20140101,20170101
97025,1,1,1,1,1,0,0,20140101,20170101
97026,1,1,1,1,1,0,0,20140101,20170101
97027,1,1,1,1,1,0,0,20140101,20170101
97028,1,1,1,1,1,0,0,20140101,20170101
97029,1,1,1,1,1,0,0,20140101,20170101
97030,1,1,1,1,1,0,0,20140101,20170101
97031,1,1,1,1,1,0,0,20140101,20170101
97032,1,1,1,1,1,0,0,20140101,20170101
97033,0,0,0,0,0,1,0,20140101,20170101
97034,0,0,0,0,0,1,0,20140101,20170101
97035,0,0,0,0,0,0,1,20140101,20170101
97036,0,0,0,0,0,0,1,20140101,20170101
97037,1,1,1,1,1,0,0,20140101,20170101
97038,0,0,0,0,0,1,0,20140101,20170101
97039,0,0,0,0,0,0,1,20140101,20170101
97040,0,0,0,0,0,0,1,20140101,20170101
97041,0,0,0,0,0,1,0,20140101,20170101
97042,1,1,1,1,1,0,0,20140101,20170101
97043,1,1,1,1,1,0,0,20140101,20170101
97044,1,1,1,1,1,0,0,20140101,20170101
97045,1,1,1,1,1,0,0,20140101,20170101
97046,1,1,1,1,1,0,0,20140101,20170101
97047,1,1,1,1,1,0,0,20140101,20170101
97048,1,1,1,1,1,0,0,20140101,20170101
97049,1,1,1,1,1,0,0,20140101,20170101
97050,1,1,1,1,1,0,0,20140101,20170101
97051,1,1,1,1,1,0,0,20140101,20170101
97052,1,1,1,1,1,0,0,20140101,20170101
97053,0,0,0,0,0,1,0,20140101,20170101
97054,0,0,0,0,0,1,0,20140101,20170101
97055,0,0,0,0,0,0,1,20140101,20170101
97056,0,0,0,0,0,0,1,20140101,20170101
97057,0,0,0,0,0,0,1,20140101,20170101
97058,1,1,1,1,1,0,0,20140101,20170101
97059,1,1,1,1,1,0,0,20140101,20170101
97060,0,0,0,0,0,1,0,20140101,20170101
97061,1,1,1,1,1,0,0,20140101,20170101
97062,0,0,0,0,0,1,0,20140101,20170101
97063,1,1,1,1,1,0,0,20140101,20170101
97064,1,1,1,1,1,0,0,20140101,20170101
97065,1,1,1,1,1,0,0,20140101,20170101
97066,0,0,0,0,0,0,1,20140101,20170101
97067,1,1,1,1,1,0,0,20140101,20170101
97068,1,1,1,1,1,0,0,20140101,20170101
97069,1,1,1,1,1,0,0,20140101,20170101
97070,1,1,1,1,1,0,0,20140101,20170101
97071,1,1,1,1,1,0,0,20140101,20170101
97072,1,1,1,1,1,0,0,20140101,20170101
97073,0,0,0,0,0,1,0,20140101,20170101
97074,0,0,0,0,0,1,0,20140101,20170101
97075,0,0,0,0,0,0,1,20140101,20170101
97076,0,0,0,0,0,0,1,20140101,20170101
95931,1,1,1,1,1,0,0,20140101,20170101
95932,1,1,1,1,1,0,0,20140101,20170101
95933,0,0,0,0,0,0,1,20140101,20170101
95934,0,0,0,0,0,1,0,20140101,20170101
95935,1,1,1,1,1,0,0,20140101,20170101
95936,0,0,0,0,0,1,0,20140101,20170101
95937,0,0,0,0,0,1,0,20140101,20170101
95938,1,1,1,1,1,0,0,20140101,20170101
95939,1,1,1,1,1,0,0,20140101,20170101
95940,1,1,1,1,1,0,0,20140101,20170101
95941,1,1,1,1,1,0,0,20140101,20170101
95942,1,1,1,1,1,0,0,20140101,20170101
95943,0,0,0,0,0,1,0,20140101,20170101
95944,0,0,0,0,0,1,0,20140101,20170101
95945,0,0,0,0,0,1,0,20140101,20170101
95946,0,0,0,0,0,0,1,20140101,20170101
95947,1,1,1,1,1,0,0,20140101,20170101
95948,0,0,0,0,0,0,1,20140101,20170101
95949,0,0,0,0,0,1,0,20140101,20170101
95950,1,1,1,1,1,0,0,20140101,20170101
95951,0,0,0,0,0,1,0,20140101,20170101
95952,1,1,1,1,1,0,0,20140101,20170101
95953,0,0,0,0,0,0,1,20140101,20170101
95954,1,1,1,1,1,0,0,20140101,20170101
95955,1,1,1,1,1,0,0,20140101,20170101
95956,1,1,1,1,1,0,0,20140101,20170101
95957,0,0,0,0,0,1,0,20140101,20170101
95958,0,0,0,0,0,1,0,20140101,20170101
95959,0,0,0,0,0,0,1,20140101,20170101
95960,0,0,0,0,0,0,1,20140101,20170101
95961,1,1,1,1,1,0,0,20140101,20170101
95962,1,1,1,1,1,0,0,20140101,20170101
95963,1,1,1,1,1,0,0,20140101,20170101
95964,0,0,0,0,0,1,0,20140101,20170101
95965,0,0,0,0,0,0,1,20140101,20170101
95966,1,1,1,1,1,0,0,20140101,20170101
95967,0,0,0,0,0,0,1,20140101,20170101
95968,0,0,0,0,0,1,0,20140101,20170101
95969,1,1,1,1,1,0,0,20140101,20170101
95970,1,1,1,1,1,0,0,20140101,20170101
95971,1,1,1,1,1,0,0,20140101,20170101
95972,1,1,1,1,1,0,0,20140101,20170101
95973,1,1,1,1,1,0,0,20140101,20170101
95974,1,1,1,1,1,0,0,20140101,20170101
95975,0,0,0,0,0,1,0,20140101,20170101
95976,0,0,0,0,0,1,0,20140101,20170101
95977,0,0,0,0,0,0,1,20140101,20170101
95978,0,0,0,0,0,0,1,20140101,20170101
95979,0,0,0,0,0,1,0,20140101,20170101
95980,0,0,0,0,0,0,1,20140101,20170101
95981,1,1,1,1,1,0,0,20140101,20170101
95982,0,0,0,0,0,0,1,20140101,20170101
95983,1,1,1,1,1,0,0,20140101,20170101
95984,0,0,0,0,0,1,0,20140101,20170101
95985,0,0,0,0,0,1,0,20140101,20170101
95986,1,1,1,1,1,0,0,20140101,20170101
95987,1,1,1,1,1,0,0,20140101,20170101
95988,1,1,1,1,1,0,0,20140101,20170101
95989,1,1,1,1,1,0,0,20140101,20170101
95990,1,1,1,1,1,0,0,20140101,20170101
95991,1,1,1,1,1,0,0,20140101,20170101
95992,1,1,1,1,1,0,0,20140101,20170101
95993,1,1,1,1,1,0,0,20140101,20170101
95994,0,0,0,0,0,1,0,20140101,20170101
95995,0,0,0,0,0,1,0,20140101,20170101
95996,0,0,0,0,0,1,0,20140101,20170101
95997,0,0,0,0,0,0,1,20140101,20170101
95998,0,0,0,0,0,0,1,20140101,20170101
95999,1,1,1,1,1,0,0,20140101,20170101
96000,1,1,1,1,1,0,0,20140101,20170101
96001,0,0,0,0,0,0,1,20140101,20170101
96002,0,0,0,0,0,1,0,20140101,20170101
96003,1,1,1,1,1,0,0,20140101,20170101
96004,1,1,1,1,1,0,0,20140101,20170101
96005,1,1,1,1,1,0,0,20140101,20170101
96006,0,0,0,0,0,1,0,20140101,20170101
96007,1,1,1,1,1,0,0,20140101,20170101
96008,1,1,1,1,1,0,0,20140101,20170101
96009,1,1,1,1,1,0,0,20140101,20170101
96010,1,1,1,1,1,0,0,20140101,20170101
96011,1,1,1,1,1,0,0,20140101,20170101
96012,1,1,1,1,1,0,0,20140101,20170101
96013,1,1,1,1,1,0,0,20140101,20170101
96014,0,0,0,0,0,1,0,20140101,20170101
96015,0,0,0,0,0,1,0,20140101,20170101
96016,0,0,0,0,0,0,1,20140101,20170101
96017,0,0,0,0,0,1,0,20140101,20170101
96018,0,0,0,0,0,0,1,20140101,20170101
96019,1,1,1,1,1,0,0,20140101,20170101
96020,1,1,1,1,1,0,0,20140101,20170101
96021,0,0,0,0,0,1,0,20140101,20170101
96022,1,1,1,1,1,0,0,20140101,20170101
96023,1,1,1,1,1,0,0,20140101,20170101
96024,0,0,0,0,0,1,0,20140101,20170101
96025,0,0,0,0,0,1,0,20140101,20170101
96026,0,0,0,0,0,0,1,20140101,20170101
96027,1,1,1,1,1,0,0,20140101,20170101
96028,0,0,0,0,0,0,1,20140101,20170101
96029,1,1,1,1,1,0,0,20140101,20170101
96030,1,1,1,1,1,0,0,20140101,20170101
96031,0,0,0,0,0,1,0,20140101,20170101
96032,1,1,1,1,1,0,0,20140101,20170101
96033,1,1,1,1,1,0,0,20140101,20170101
96034,1,1,1,1,1,0,0,20140101,20170101
96035,1,1,1,1,1,0,0,20140101,20170101
96036,1,1,1,1,1,0,0,20140101,20170101
96037,1,1,1,1,1,0,0,20140101,20170101
96038,1,1,1,1,1,0,0,20140101,20170101
96039,0,0,0,0,0,1,0,20140101,20170101
96040,0,0,0,0,0,0,1,20140101,20170101
96041,0,0,0,0,0,0,1,20140101,20170101
96042,0,0,0,0,0,1,0,20140101,20170101
96043,0,0,0,0,0,0,1,20140101,20170101
96044,1,1,1,1,1,0,0,20140101,20170101
96045,1,1,1,1,1,0,0,20140101,20170101
96046,0,0,0,0,0,1,0,20140101,20170101
96047,0,0,0,0,0,1,0,20140101,20170101
96048,1,1,1,1,1,0,0,20140101,20170101
96049,0,0,0,0,0,0,1,20140101,20170101
96050,0,0,0,0,0,0,1,20140101,20170101
96051,1,1,1,1,1,0,0,20140101,20170101
96052,0,0,0,0,0,1,0,20140101,20170101
96053,1,1,1,1,1,0,0,20140101,20170101
96054,1,1,1,1,1,0,0,20140101,20170101
96055,1,1,1,1,1,0,0,20140101,20170101
96056,1,1,1,1,1,0,0,20140101,20170101
96057,1,1,1,1,1,0,0,20140101,20170101
96058,1,1,1,1,1,0,0,20140101,20170101
96059,1,1,1,1,1,0,0,20140101,20170101
96060,1,1,1,1,1,0,0,20140101,20170101
96061,0,0,0,0,0,1,0,20140101,20170101
96062,0,0,0,0,0,1,0,20140101,20170101
96063,0,0,0,0,0,1,0,20140101,20170101
96064,0,0,0,0,0,1,0,20140101,20170101
96065,0,0,0,0,0,0,1,20140101,20170101
96066,0,0,0,0,0,0,1,20140101,20170101
96067,0,0,0,0,0,0,1,20140101,20170101
96068,0,0,0,0,0,0,1,20140101,20170101
96069,0,0,0,0,0,1,0,20140101,20170101
96070,0,0,0,0,0,1,0,20140101,20170101
96071,1,1,1,1,1,0,0,20140101,20170101
96072,0,0,0,0,0,0,1,20140101,20170101
96073,1,1,1,1,1,0,0,20140101,20170101
96074,0,0,0,0,0,1,0,20140101,20170101
96075,1,1,1,1,1,0,0,20140101,20170101
96076,1,1,1,1,1,0,0,20140101,20170101
96077,0,0,0,0,0,1,0,20140101,20170101
96078,0,0,0,0,0,0,1,20140101,20170101
96079,0,0,0,0,0,1,0,20140101,20170101
96080,1,1,1,1,1,0,0,20140101,20170101
96081,0,0,0,0,0,0,1,20140101,20170101
96082,0,0,0,0,0,1,0,20140101,20170101
96083,1,1,1,1,1,0,0,20140101,20170101
96084,1,1,1,1,1,0,0,20140101,20170101
96085,0,0,0,0,0,1,0,20140101,20170101
96086,0,0,0,0,0,1,0,20140101,20170101
96087,1,1,1,1,1,0,0,20140101,20170101
96088,1,1,1,1,1,0,0,20140101,20170101
96089,1,1,1,1,1,0,0,20140101,20170101
96090,1,1,1,1,1,0,0,20140101,20170101
96091,1,1,1,1,1,0,0,20140101,20170101
96092,0,0,0,0,0,1,0,20140101,20170101
96093,0,0,0,0,0,1,0,20140101,20170101
96094,0,0,0,0,0,1,0,20140101,20170101
96095,0,0,0,0,0,1,0,20140101,20170101
96096,0,0,0,0,0,0,1,20140101,20170101
96097,0,0,0,0,0,0,1,20140101,20170101
96098,0,0,0,0,0,1,0,20140101,20170101
96099,0,0,0,0,0,0,1,20140101,20170101
96100,1,1,1,1,1,0,0,20140101,20170101
96101,1,1,1,1,1,0,0,20140101,20170101
96102,1,1,1,1,1,0,0,20140101,20170101
96103,0,0,0,0,0,1,0,20140101,20170101
96104,1,1,1,1,1,0,0,20140101,20170101
96105,1,1,1,1,1,0,0,20140101,20170101
96106,1,1,1,1,1,0,0,20140101,20170101
96107,0,0,0,0,0,1,0,20140101,20170101
96108,0,0,0,0,0,1,0,20140101,20170101
96109,0,0,0,0,0,0,1,20140101,20170101
96110,0,0,0,0,0,0,1,20140101,20170101
96111,1,1,1,1,1,0,0,20140101,20170101
96112,0,0,0,0,0,1,0,20140101,20170101
96113,1,1,1,1,1,0,0,20140101,20170101
96114,0,0,0,0,0,1,0,20140101,20170101
96115,0,0,0,0,0,1,0,20140101,20170101
96116,1,1,1,1,1,0,0,20140101,20170101
96117,1,1,1,1,1,0,0,20140101,20170101
96118,1,1,1,1,1,0,0,20140101,20170101
96119,0,0,0,0,0,0,1,20140101,20170101
96120,0,0,0,0,0,1,0,20140101,20170101
96121,0,0,0,0,0,1,0,20140101,20170101
96122,1,1,1,1,1,0,0,20140101,20170101
96123,1,1,1,1,1,0,0,20140101,20170101
96124,1,1,1,1,1,0,0,20140101,20170101
96125,1,1,1,1,1,0,0,20140101,20170101
96126,1,1,1,1,1,0,0,20140101,20170101
96127,0,0,0,0,0,1,0,20140101,20170101
96128,0,0,0,0,0,1,0,20140101,20170101
96129,0,0,0,0,0,1,0,20140101,20170101
96130,0,0,0,0,0,1,0,20140101,20170101
96131,0,0,0,0,0,1,0,20140101,20170101
96132,0,0,0,0,0,0,1,20140101,20170101
96133,1,1,1,1,1,0,0,20140101,20170101
96134,0,0,0,0,0,0,1,20140101,20170101
96135,1,1,1,1,1,0,0,20140101,20170101
96136,1,1,1,1,1,0,0,20140101,20170101
96137,1,1,1,1,1,0,0,20140101,20170101
96138,0,0,0,0,0,0,1,20140101,20170101
96139,1,1,1,1,1,0,0,20140101,20170101
96140,0,0,0,0,0,1,0,20140101,20170101
96141,0,0,0,0,0,1,0,20140101,20170101
96142,0,0,0,0,0,0,1,20140101,20170101
96143,0,0,0,0,0,0,1,20140101,20170101
96144,1,1,1,1,1,0,0,20140101,20170101
96145,1,1,1,1,1,0,0,20140101,20170101
96146,1,1,1,1,1,0,0,20140101,20170101
96147,1,1,1,1,1,0,0,20140101,20170101
96148,1,1,1,1,1,0,0,20140101,20170101
96149,0,0,0,0,0,1,0,20140101,20170101
96150,0,0,0,0,0,1,0,20140101,20170101
96151,0,0,0,0,0,1,0,20140101,20170101
96152,0,0,0,0,0,1,0,20140101,20170101
96153,0,0,0,0,0,0,1,20140101,20170101
96154,0,0,0,0,0,0,1,20140101,20170101
96155,1,1,1,1,1,0,0,20140101,20170101
96156,1,1,1,1,1,0,0,20140101,20170101
96157,0,0,0,0,0,1,0,20140101,20170101
96158,0,0,0,0,0,1,0,20140101,20170101
96159,0,0,0,0,0,0,1,20140101,20170101
96160,0,0,0,0,0,0,1,20140101,20170101
96161,0,0,0,0,0,0,1,20140101,20170101
96162,0,0,0,0,0,1,0,20140101,20170101
96163,1,1,1,1,1,0,0,20140101,20170101
96164,0,0,0,0,0,1,0,20140101,20170101
96165,1,1,1,1,1,0,0,20140101,20170101
96166,1,1,1,1,1,0,0,20140101,20170101
96167,0,0,0,0,0,1,0,20140101,20170101
96168,1,1,1,1,1,0,0,20140101,20170101
96169,1,1,1,1,1,0,0,20140101,20170101
96170,1,1,1,1,1,0,0,20140101,20170101
96171,0,0,0,0,0,1,0,20140101,20170101
96172,0,0,0,0,0,1,0,20140101,20170101
96173,0,0,0,0,0,1,0,20140101,20170101
96174,0,0,0,0,0,0,1,20140101,20170101
96175,1,1,1,1,1,0,0,20140101,20170101
96176,0,0,0,0,0,1,0,20140101,20170101
96177,0,0,0,0,0,1,0,20140101,20170101
96178,0,0,0,0,0,1,0,20140101,20170101
96179,1,1,1,1,1,0,0,20140101,20170101
96180,1,1,1,1,1,0,0,20140101,20170101
96181,0,0,0,0,0,0,1,20140101,20170101
96182,1,1,1,1,1,0,0,20140101,20170101
96183,1,1,1,1,1,0,0,20140101,20170101
96184,0,0,0,0,0,1,0,20140101,20170101
96185,0,0,0,0,0,1,0,20140101,20170101
96186,0,0,0,0,0,1,0,20140101,20170101
96187,1,1,1,1,1,0,0,20140101,20170101
96188,0,0,0,0,0,0,1,20140101,20170101
96189,0,0,0,0,0,1,0,20140101,20170101
96190,1,1,1,1,1,0,0,20140101,20170101
96191,1,1,1,1,1,0,0,20140101,20170101
96192,1,1,1,1,1,0,0,20140101,20170101
96193,1,1,1,1,1,0,0,20140101,20170101
96194,1,1,1,1,1,0,0,20140101,20170101
96195,1,1,1,1,1,0,0,20140101,20170101
96196,1,1,1,1,1,0,0,20140101,20170101
96197,1,1,1,1,1,0,0,20140101,20170101
96198,0,0,0,0,0,1,0,20140101,20170101
96199,0,0,0,0,0,1,0,20140101,20170101
96200,0,0,0,0,0,1,0,20140101,20170101
96201,0,0,0,0,0,1,0,20140101,20170101
96202,0,0,0,0,0,1,0,20140101,20170101
96203,0,0,0,0,0,1,0,20140101,20170101
96204,0,0,0,0,0,1,0,20140101,20170101
96205,0,0,0,0,0,0,1,20140101,20170101
96206,0,0,0,0,0,0,1,20140101,20170101
96207,0,0,0,0,0,1,0,20140101,20170101
96208,0,0,0,0,0,1,0,20140101,20170101
96209,0,0,0,0,0,1,0,20140101,20170101
96210,0,0,0,0,0,1,0,20140101,20170101
96211,0,0,0,0,0,1,0,20140101,20170101
96212,0,0,0,0,0,1,0,20140101,20170101
96213,1,1,1,1,1,0,0,20140101,20170101
96214,1,1,1,1,1,0,0,20140101,20170101
96215,1,1,1,1,1,0,0,20140101,20170101
96216,1,1,1,1,1,0,0,20140101,20170101
96217,1,1,1,1,1,0,0,20140101,20170101
96218,1,1,1,1,1,0,0,20140101,20170101
96219,0,0,0,0,0,0,1,20140101,20170101
96220,0,0,0,0,0,0,1,20140101,20170101
96221,1,1,1,1,1,0,0,20140101,20170101
96222,1,1,1,1,1,0,0,20140101,20170101
96223,1,1,1,1,1,0,0,20140101,20170101
96224,1,1,1,1,1,0,0,20140101,20170101
96225,0,0,0,0,0,1,0,20140101,20170101
96226,1,1,1,1,1,0,0,20140101,20170101
96227,1,1,1,1,1,0,0,20140101,20170101
96228,1,1,1,1,1,0,0,20140101,20170101
96229,1,1,1,1,1,0,0,20140101,20170101
96230,0,0,0,0,0,1,0,20140101,20170101
96231,0,0,0,0,0,0,1,20140101,20170101
96232,0,0,0,0,0,0,1,20140101,20170101
96233,1,1,1,1,1,0,0,20140101,20170101
96234,0,0,0,0,0,1,0,20140101,20170101
96235,1,1,1,1,1,0,0,20140101,20170101
96236,1,1,1,1,1,0,0,20140101,20170101
96237,1,1,1,1,1,0,0,20140101,20170101
96238,1,1,1,1,1,0,0,20140101,20170101
96239,1,1,1,1,1,0,0,20140101,20170101
96240,0,0,0,0,0,1,0,20140101,20170101
96241,0,0,0,0,0,0,1,20140101,20170101
96242,1,1,1,1,1,0,0,20140101,20170101
96243,1,1,1,1,1,0,0,20140101,20170101
96244,1,1,1,1,1,0,0,20140101,20170101
96245,0,0,0,0,0,1,0,20140101,20170101
96246,1,1,1,1,1,0,0,20140101,20170101
96247,0,0,0,0,0,0,1,20140101,20170101
96248,1,1,1,1,1,0,0,20140101,20170101
96249,0,0,0,0,0,1,0,20140101,20170101
96250,1,1,1,1,1,0,0,20140101,20170101
96251,1,1,1,1,1,0,0,20140101,20170101
96252,1,1,1,1,1,0,0,20140101,20170101
96253,1,1,1,1,1,0,0,20140101,20170101
96254,1,1,1,1,1,0,0,20140101,20170101
96255,0,0,0,0,0,1,0,20140101,20170101
96256,0,0,0,0,0,1,0,20140101,20170101
96257,0,0,0,0,0,0,1,20140101,20170101
98289,1,1,1,1,1,0,0,20140101,20170101
98290,1,1,1,1,1,0,0,20140101,20170101
98291,1,1,1,1,1,0,0,20140101,20170101
98292,1,1,1,1,1,0,0,20140101,20170101
98293,0,0,0,0,0,1,0,20140101,20170101
98294,0,0,0,0,0,0,1,20140101,20170101
98295,0,0,0,0,0,0,1,20140101,20170101
98296,0,0,0,0,0,1,0,20140101,20170101
98297,1,1,1,1,1,0,0,20140101,20170101
98298,1,1,1,1,1,0,0,20140101,20170101
98299,1,1,1,1,1,0,0,20140101,20170101
98300,1,1,1,1,1,0,0,20140101,20170101
96258,0,0,0,0,0,1,0,20140101,20170101
96259,1,1,1,1,1,0,0,20140101,20170101
96260,0,0,0,0,0,1,0,20140101,20170101
96261,1,1,1,1,1,0,0,20140101,20170101
96262,0,0,0,0,0,0,1,20140101,20170101
96263,1,1,1,1,1,0,0,20140101,20170101
96264,1,1,1,1,1,0,0,20140101,20170101
96265,0,0,0,0,0,1,0,20140101,20170101
96266,0,0,0,0,0,1,0,20140101,20170101
96267,0,0,0,0,0,0,1,20140101,20170101
96268,1,1,1,1,1,0,0,20140101,20170101
96269,1,1,1,1,1,0,0,20140101,20170101
96270,1,1,1,1,1,0,0,20140101,20170101
96271,1,1,1,1,1,0,0,20140101,20170101
96272,0,0,0,0,0,1,0,20140101,20170101
96273,0,0,0,0,0,1,0,20140101,20170101
96274,0,0,0,0,0,1,0,20140101,20170101
96275,0,0,0,0,0,1,0,20140101,20170101
96276,0,0,0,0,0,1,0,20140101,20170101
96277,0,0,0,0,0,0,1,20140101,20170101
96278,0,0,0,0,0,0,1,20140101,20170101
96279,0,0,0,0,0,0,1,20140101,20170101
96280,0,0,0,0,0,0,1,20140101,20170101
96281,0,0,0,0,0,1,0,20140101,20170101
96282,0,0,0,0,0,0,1,20140101,20170101
96283,0,0,0,0,0,1,0,20140101,20170101
96284,1,1,1,1,1,0,0,20140101,20170101
96285,1,1,1,1,1,0,0,20140101,20170101
96286,0,0,0,0,0,0,1,20140101,20170101
96287,0,0,0,0,0,1,0,20140101,20170101
96288,1,1,1,1,1,0,0,20140101,20170101
96289,1,1,1,1,1,0,0,20140101,20170101
96290,0,0,0,0,0,0,1,20140101,20170101
96291,0,0,0,0,0,0,1,20140101,20170101
96292,0,0,0,0,0,1,0,20140101,20170101
96293,0,0,0,0,0,1,0,20140101,20170101
96294,1,1,1,1,1,0,0,20140101,20170101
96295,0,0,0,0,0,1,0,20140101,20170101
96296,0,0,0,0,0,0,1,20140101,20170101
96297,0,0,0,0,0,1,0,20140101,20170101
96298,1,1,1,1,1,0,0,20140101,20170101
96299,0,0,0,0,0,1,0,20140101,20170101
96300,0,0,0,0,0,0,1,20140101,20170101
96301,0,0,0,0,0,0,1,20140101,20170101
96302,1,1,1,1,1,0,0,20140101,20170101
96303,1,1,1,1,1,0,0,20140101,20170101
96304,1,1,1,1,1,0,0,20140101,20170101
96305,1,1,1,1,1,0,0,20140101,20170101
96306,0,0,0,0,0,1,0,20140101,20170101
96307,0,0,0,0,0,1,0,20140101,20170101
96308,0,0,0,0,0,1,0,20140101,20170101
96309,0,0,0,0,0,0,1,20140101,20170101
96310,0,0,0,0,0,0,1,20140101,20170101
96311,0,0,0,0,0,0,1,20140101,20170101
96312,0,0,0,0,0,1,0,20140101,20170101
96313,0,0,0,0,0,0,1,20140101,20170101
96314,1,1,1,1,1,0,0,20140101,20170101
96315,1,1,1,1,1,0,0,20140101,20170101
96316,0,0,0,0,0,1,0,20140101,20170101
96317,0,0,0,0,0,0,1,20140101,20170101
96318,1,1,1,1,1,0,0,20140101,20170101
96319,0,0,0,0,0,1,0,20140101,20170101
96320,1,1,1,1,1,0,0,20140101,20170101
96321,0,0,0,0,0,1,0,20140101,20170101
96322,0,0,0,0,0,1,0,20140101,20170101
96323,0,0,0,0,0,0,1,20140101,20170101
96324,1,1,1,1,1,0,0,20140101,20170101
96325,0,0,0,0,0,1,0,20140101,20170101
96326,0,0,0,0,0,1,0,20140101,20170101
96327,0,0,0,0,0,1,0,20140101,20170101
96328,1,1,1,1,1,0,0,20140101,20170101
96329,0,0,0,0,0,1,0,20140101,20170101
96330,0,0,0,0,0,0,1,20140101,20170101
96331,1,1,1,1,1,0,0,20140101,20170101
96332,1,1,1,1,1,0,0,20140101,20170101
96333,0,0,0,0,0,0,1,20140101,20170101
96334,1,1,1,1,1,0,0,20140101,20170101
96335,1,1,1,1,1,0,0,20140101,20170101
96336,1,1,1,1,1,0,0,20140101,20170101
96337,1,1,1,1,1,0,0,20140101,20170101
96338,1,1,1,1,1,0,0,20140101,20170101
96339,1,1,1,1,1,0,0,20140101,20170101
96340,0,0,0,0,0,1,0,20140101,20170101
96341,0,0,0,0,0,1,0,20140101,20170101
96342,0,0,0,0,0,1,0,20140101,20170101
96343,0,0,0,0,0,1,0,20140101,20170101
96344,0,0,0,0,0,1,0,20140101,20170101
96345,0,0,0,0,0,1,0,20140101,20170101
96346,0,0,0,0,0,1,0,20140101,20170101
96347,0,0,0,0,0,0,1,20140101,20170101
96348,0,0,0,0,0,0,1,20140101,20170101
96349,0,0,0,0,0,0,1,20140101,20170101
96350,0,0,0,0,0,0,1,20140101,20170101
96351,1,1,1,1,1,0,0,20140101,20170101
96352,0,0,0,0,0,0,1,20140101,20170101
96353,1,1,1,1,1,0,0,20140101,20170101
96354,0,0,0,0,0,1,0,20140101,20170101
96355,0,0,0,0,0,0,1,20140101,20170101
96356,0,0,0,0,0,0,1,20140101,20170101
96357,1,1,1,1,1,0,0,20140101,20170101
96358,0,0,0,0,0,1,0,20140101,20170101
96359,0,0,0,0,0,1,0,20140101,20170101
96360,1,1,1,1,1,0,0,20140101,20170101
96361,0,0,0,0,0,1,0,20140101,20170101
96362,0,0,0,0,0,1,0,20140101,20170101
96363,1,1,1,1,1,0,0,20140101,20170101
96364,1,1,1,1,1,0,0,20140101,20170101
96365,1,1,1,1,1,0,0,20140101,20170101
96366,0,0,0,0,0,1,0,20140101,20170101
96367,1,1,1,1,1,0,0,20140101,20170101
96368,1,1,1,1,1,0,0,20140101,20170101
96369,1,1,1,1,1,0,0,20140101,20170101
96370,1,1,1,1,1,0,0,20140101,20170101
96371,1,1,1,1,1,0,0,20140101,20170101
96372,1,1,1,1,1,0,0,20140101,20170101
96373,1,1,1,1,1,0,0,20140101,20170101
96374,0,0,0,0,0,1,0,20140101,20170101
96375,0,0,0,0,0,1,0,20140101,20170101
96376,0,0,0,0,0,1,0,20140101,20170101
96377,0,0,0,0,0,1,0,20140101,20170101
96378,0,0,0,0,0,1,0,20140101,20170101
96379,0,0,0,0,0,1,0,20140101,20170101
96380,0,0,0,0,0,0,1,20140101,20170101
96381,0,0,0,0,0,0,1,20140101,20170101
96382,0,0,0,0,0,0,1,20140101,20170101
96383,0,0,0,0,0,0,1,20140101,20170101
96384,1,1,1,1,1,0,0,20140101,20170101
96385,0,0,0,0,0,1,0,20140101,20170101
96386,0,0,0,0,0,1,0,20140101,20170101
96387,0,0,0,0,0,0,1,20140101,20170101
96388,1,1,1,1,1,0,0,20140101,20170101
96389,1,1,1,1,1,0,0,20140101,20170101
96390,1,1,1,1,1,0,0,20140101,20170101
96391,0,0,0,0,0,0,1,20140101,20170101
96392,0,0,0,0,0,1,0,20140101,20170101
96393,1,1,1,1,1,0,0,20140101,20170101
96394,0,0,0,0,0,0,1,20140101,20170101
96395,1,1,1,1,1,0,0,20140101,20170101
96396,1,1,1,1,1,0,0,20140101,20170101
96397,1,1,1,1,1,0,0,20140101,20170101
96398,1,1,1,1,1,0,0,20140101,20170101
96399,1,1,1,1,1,0,0,20140101,20170101
96400,1,1,1,1,1,0,0,20140101,20170101
96401,1,1,1,1,1,0,0,20140101,20170101
96402,1,1,1,1,1,0,0,20140101,20170101
96403,1,1,1,1,1,0,0,20140101,20170101
96404,0,0,0,0,0,1,0,20140101,20170101
96405,0,0,0,0,0,1,0,20140101,20170101
96406,0,0,0,0,0,1,0,20140101,20170101
96407,0,0,0,0,0,0,1,20140101,20170101
96408,0,0,0,0,0,0,1,20140101,20170101
96409,0,0,0,0,0,0,1,20140101,20170101
96410,1,1,1,1,1,0,0,20140101,20170101
96411,0,0,0,0,0,1,0,20140101,20170101
96412,1,1,1,1,1,0,0,20140101,20170101
96413,0,0,0,0,0,1,0,20140101,20170101
96414,1,1,1,1,1,0,0,20140101,20170101
96415,1,1,1,1,1,0,0,20140101,20170101
96416,0,0,0,0,0,0,1,20140101,20170101
96417,1,1,1,1,1,0,0,20140101,20170101
96418,1,1,1,1,1,0,0,20140101,20170101
96419,1,1,1,1,1,0,0,20140101,20170101
96420,1,1,1,1,1,0,0,20140101,20170101
96421,0,0,0,0,0,1,0,20140101,20170101
96422,0,0,0,0,0,1,0,20140101,20170101
96423,0,0,0,0,0,0,1,20140101,20170101
96424,1,1,1,1,1,0,0,20140101,20170101
96425,1,1,1,1,1,0,0,20140101,20170101
96426,0,0,0,0,0,0,1,20140101,20170101
96427,0,0,0,0,0,1,0,20140101,20170101
96428,0,0,0,0,0,1,0,20140101,20170101
96429,1,1,1,1,1,0,0,20140101,20170101
96430,1,1,1,1,1,0,0,20140101,20170101
96431,0,0,0,0,0,1,0,20140101,20170101
96432,0,0,0,0,0,1,0,20140101,20170101
96433,0,0,0,0,0,0,1,20140101,20170101
96434,1,1,1,1,1,0,0,20140101,20170101
96435,1,1,1,1,1,0,0,20140101,20170101
96436,0,0,0,0,0,1,0,20140101,20170101
96437,0,0,0,0,0,1,0,20140101,20170101
96438,0,0,0,0,0,0,1,20140101,20170101
96439,0,0,0,0,0,0,1,20140101,20170101
96440,1,1,1,1,1,0,0,20140101,20170101
96441,1,1,1,1,1,0,0,20140101,20170101
96442,1,1,1,1,1,0,0,20140101,20170101
96443,1,1,1,1,1,0,0,20140101,20170101
96444,0,0,0,0,0,1,0,20140101,20170101
96445,0,0,0,0,0,1,0,20140101,20170101
96446,0,0,0,0,0,0,1,20140101,20170101
96447,0,0,0,0,0,0,1,20140101,20170101
96448,0,0,0,0,0,0,1,20140101,20170101
96449,0,0,0,0,0,0,1,20140101,20170101
96450,1,1,1,1,1,0,0,20140101,20170101
96451,0,0,0,0,0,1,0,20140101,20170101
96452,0,0,0,0,0,1,0,20140101,20170101
96453,1,1,1,1,1,0,0,20140101,20170101
96454,0,0,0,0,0,0,1,20140101,20170101
96455,1,1,1,1,1,0,0,20140101,20170101
96456,1,1,1,1,1,0,0,20140101,20170101
96457,1,1,1,1,1,0,0,20140101,20170101
96458,1,1,1,1,1,0,0,20140101,20170101
96459,1,1,1,1,1,0,0,20140101,20170101
96460,1,1,1,1,1,0,0,20140101,20170101
96461,1,1,1,1,1,0,0,20140101,20170101
96462,1,1,1,1,1,0,0,20140101,20170101
96463,1,1,1,1,1,0,0,20140101,20170101
96464,1,1,1,1,1,0,0,20140101,20170101
96465,0,0,0,0,0,1,0,20140101,20170101
96466,0,0,0,0,0,1,0,20140101,20170101
96467,0,0,0,0,0,0,1,20140101,20170101
96468,0,0,0,0,0,0,1,20140101,20170101
96469,0,0,0,0,0,0,1,20140101,20170101
96470,0,0,0,0,0,1,0,20140101,20170101
96471,1,1,1,1,1,0,0,20140101,20170101
96472,0,0,0,0,0,0,1,20140101,20170101
96473,0,0,0,0,0,0,1,20140101,20170101
96474,0,0,0,0,0,0,1,20140101,20170101
96475,1,1,1,1,1,0,0,20140101,20170101
96476,1,1,1,1,1,0,0,20140101,20170101
96477,0,0,0,0,0,1,0,20140101,20170101
96478,0,0,0,0,0,1,0,20140101,20170101
96479,1,1,1,1,1,0,0,20140101,20170101
96480,1,1,1,1,1,0,0,20140101,20170101
96481,1,1,1,1,1,0,0,20140101,20170101
96482,1,1,1,1,1,0,0,20140101,20170101
96483,1,1,1,1,1,0,0,20140101,20170101
96484,0,0,0,0,0,1,0,20140101,20170101
96485,0,0,0,0,0,1,0,20140101,20170101
96486,0,0,0,0,0,1,0,20140101,20170101
96487,0,0,0,0,0,0,1,20140101,20170101
96488,0,0,0,0,0,0,1,20140101,20170101
96489,0,0,0,0,0,0,1,20140101,20170101
96490,0,0,0,0,0,1,0,20140101,20170101
96491,1,1,1,1,1,0,0,20140101,20170101
96492,0,0,0,0,0,1,0,20140101,20170101
96493,0,0,0,0,0,0,1,20140101,20170101
96494,1,1,1,1,1,0,0,20140101,20170101
96495,0,0,0,0,0,1,0,20140101,20170101
96496,1,1,1,1,1,0,0,20140101,20170101
96497,1,1,1,1,1,0,0,20140101,20170101
96498,1,1,1,1,1,0,0,20140101,20170101
96499,0,0,0,0,0,1,0,20140101,20170101
96500,1,1,1,1,1,0,0,20140101,20170101
96501,0,0,0,0,0,0,1,20140101,20170101
96502,0,0,0,0,0,1,0,20140101,20170101
96503,0,0,0,0,0,0,1,20140101,20170101
96504,1,1,1,1,1,0,0,20140101,20170101
96505,0,0,0,0,0,1,0,20140101,20170101
96506,1,1,1,1,1,0,0,20140101,20170101
96507,1,1,1,1,1,0,0,20140101,20170101
96508,0,0,0,0,0,0,1,20140101,20170101
96509,1,1,1,1,1,0,0,20140101,20170101
96510,1,1,1,1,1,0,0,20140101,20170101
96511,1,1,1,1,1,0,0,20140101,20170101
96512,1,1,1,1,1,0,0,20140101,20170101
96513,1,1,1,1,1,0,0,20140101,20170101
96514,1,1,1,1,1,0,0,20140101,20170101
96515,1,1,1,1,1,0,0,20140101,20170101
96516,1,1,1,1,1,0,0,20140101,20170101
96517,1,1,1,1,1,0,0,20140101,20170101
96518,1,1,1,1,1,0,0,20140101,20170101
96519,1,1,1,1,1,0,0,20140101,20170101
96520,0,0,0,0,0,1,0,20140101,20170101
96521,0,0,0,0,0,1,0,20140101,20170101
96522,0,0,0,0,0,1,0,20140101,20170101
96523,0,0,0,0,0,1,0,20140101,20170101
96524,0,0,0,0,0,1,0,20140101,20170101
96525,0,0,0,0,0,1,0,20140101,20170101
96526,0,0,0,0,0,0,1,20140101,20170101
96527,0,0,0,0,0,0,1,20140101,20170101
96528,0,0,0,0,0,0,1,20140101,20170101
96529,0,0,0,0,0,0,1,20140101,20170101
96530,1,1,1,1,1,0,0,20140101,20170101
96531,0,0,0,0,0,1,0,20140101,20170101
96532,0,0,0,0,0,1,0,20140101,20170101
96533,0,0,0,0,0,1,0,20140101,20170101
96534,0,0,0,0,0,0,1,20140101,20170101
96535,1,1,1,1,1,0,0,20140101,20170101
96536,0,0,0,0,0,0,1,20140101,20170101
96537,1,1,1,1,1,0,0,20140101,20170101
96538,1,1,1,1,1,0,0,20140101,20170101
96539,0,0,0,0,0,1,0,20140101,20170101
96540,1,1,1,1,1,0,0,20140101,20170101
96541,0,0,0,0,0,1,0,20140101,20170101
96542,1,1,1,1,1,0,0,20140101,20170101
96543,1,1,1,1,1,0,0,20140101,20170101
96544,1,1,1,1,1,0,0,20140101,20170101
96545,1,1,1,1,1,0,0,20140101,20170101
96546,1,1,1,1,1,0,0,20140101,20170101
96547,1,1,1,1,1,0,0,20140101,20170101
96548,1,1,1,1,1,0,0,20140101,20170101
96549,1,1,1,1,1,0,0,20140101,20170101
96550,1,1,1,1,1,0,0,20140101,20170101
96551,0,0,0,0,0,1,0,20140101,20170101
96552,0,0,0,0,0,1,0,20140101,20170101
96553,0,0,0,0,0,1,0,20140101,20170101
96554,0,0,0,0,0,1,0,20140101,20170101
96555,0,0,0,0,0,1,0,20140101,20170101
96556,0,0,0,0,0,0,1,20140101,20170101
96557,0,0,0,0,0,0,1,20140101,20170101
96558,0,0,0,0,0,0,1,20140101,20170101
96559,0,0,0,0,0,1,0,20140101,20170101
96560,0,0,0,0,0,1,0,20140101,20170101
96561,0,0,0,0,0,0,1,20140101,20170101
96562,0,0,0,0,0,1,0,20140101,20170101
96563,1,1,1,1,1,0,0,20140101,20170101
96564,0,0,0,0,0,1,0,20140101,20170101
96565,1,1,1,1,1,0,0,20140101,20170101
96566,1,1,1,1,1,0,0,20140101,20170101
96567,1,1,1,1,1,0,0,20140101,20170101
96568,0,0,0,0,0,0,1,20140101,20170101
96569,1,1,1,1,1,0,0,20140101,20170101
96570,1,1,1,1,1,0,0,20140101,20170101
96571,0,0,0,0,0,0,1,20140101,20170101
96572,1,1,1,1,1,0,0,20140101,20170101
96573,1,1,1,1,1,0,0,20140101,20170101
96574,0,0,0,0,0,1,0,20140101,20170101
96575,0,0,0,0,0,1,0,20140101,20170101
96576,0,0,0,0,0,0,1,20140101,20170101
96577,0,0,0,0,0,1,0,20140101,20170101
96578,0,0,0,0,0,1,0,20140101,20170101
96579,1,1,1,1,1,0,0,20140101,20170101
96580,0,0,0,0,0,0,1,20140101,20170101
96581,1,1,1,1,1,0,0,20140101,20170101
96582,1,1,1,1,1,0,0,20140101,20170101
96583,1,1,1,1,1,0,0,20140101,20170101
96584,1,1,1,1,1,0,0,20140101,20170101
96585,1,1,1,1,1,0,0,20140101,20170101
96586,1,1,1,1,1,0,0,20140101,20170101
96587,1,1,1,1,1,0,0,20140101,20170101
96588,1,1,1,1,1,0,0,20140101,20170101
96589,1,1,1,1,1,0,0,20140101,20170101
96590,0,0,0,0,0,1,0,20140101,20170101
96591,0,0,0,0,0,1,0,20140101,20170101
96592,0,0,0,0,0,1,0,20140101,20170101
96593,0,0,0,0,0,1,0,20140101,20170101
96594,0,0,0,0,0,1,0,20140101,20170101
96595,0,0,0,0,0,1,0,20140101,20170101
96596,0,0,0,0,0,1,0,20140101,20170101
96597,0,0,0,0,0,1,0,20140101,20170101
96598,0,0,0,0,0,0,1,20140101,20170101
96599,0,0,0,0,0,0,1,20140101,20170101
96600,0,0,0,0,0,0,1,20140101,20170101
96601,0,0,0,0,0,0,1,20140101,20170101
96602,0,0,0,0,0,0,1,20140101,20170101
96603,0,0,0,0,0,0,1,20140101,20170101
96604,0,0,0,0,0,1,0,20140101,20170101
96605,0,0,0,0,0,0,1,20140101,20170101
96606,1,1,1,1,1,0,0,20140101,20170101
96607,1,1,1,1,1,0,0,20140101,20170101
96608,0,0,0,0,0,1,0,20140101,20170101
96609,0,0,0,0,0,1,0,20140101,20170101
96610,1,1,1,1,1,0,0,20140101,20170101
96611,0,0,0,0,0,1,0,20140101,20170101
96612,0,0,0,0,0,1,0,20140101,20170101
96613,1,1,1,1,1,0,0,20140101,20170101
96614,1,1,1,1,1,0,0,20140101,20170101
96615,1,1,1,1,1,0,0,20140101,20170101
96616,0,0,0,0,0,1,0,20140101,20170101
96617,1,1,1,1,1,0,0,20140101,20170101
96618,1,1,1,1,1,0,0,20140101,20170101
96619,1,1,1,1,1,0,0,20140101,20170101
96620,1,1,1,1,1,0,0,20140101,20170101
96621,1,1,1,1,1,0,0,20140101,20170101
96622,1,1,1,1,1,0,0,20140101,20170101
96623,1,1,1,1,1,0,0,20140101,20170101
96624,1,1,1,1,1,0,0,20140101,20170101
96625,0,0,0,0,0,1,0,20140101,20170101
96626,0,0,0,0,0,1,0,20140101,20170101
96627,0,0,0,0,0,1,0,20140101,20170101
96628,0,0,0,0,0,1,0,20140101,20170101
96629,0,0,0,0,0,1,0,20140101,20170101
96630,0,0,0,0,0,1,0,20140101,20170101
96631,0,0,0,0,0,0,1,20140101,20170101
96632,1,1,1,1,1,0,0,20140101,20170101
96633,0,0,0,0,0,1,0,20140101,20170101
96634,0,0,0,0,0,0,1,20140101,20170101
96635,0,0,0,0,0,1,0,20140101,20170101
96636,1,1,1,1,1,0,0,20140101,20170101
96637,1,1,1,1,1,0,0,20140101,20170101
96638,0,0,0,0,0,1,0,20140101,20170101
96639,0,0,0,0,0,0,1,20140101,20170101
96640,1,1,1,1,1,0,0,20140101,20170101
96641,1,1,1,1,1,0,0,20140101,20170101
96642,1,1,1,1,1,0,0,20140101,20170101
96643,1,1,1,1,1,0,0,20140101,20170101
96644,1,1,1,1,1,0,0,20140101,20170101
96645,0,0,0,0,0,1,0,20140101,20170101
96646,0,0,0,0,0,1,0,20140101,20170101
96647,0,0,0,0,0,1,0,20140101,20170101
96648,1,1,1,1,1,0,0,20140101,20170101
96649,0,0,0,0,0,0,1,20140101,20170101
96650,1,1,1,1,1,0,0,20140101,20170101
96651,0,0,0,0,0,0,1,20140101,20170101
96652,0,0,0,0,0,0,1,20140101,20170101
96653,0,0,0,0,0,1,0,20140101,20170101
96654,1,1,1,1,1,0,0,20140101,20170101
96655,0,0,0,0,0,1,0,20140101,20170101
96656,1,1,1,1,1,0,0,20140101,20170101
96657,0,0,0,0,0,0,1,20140101,20170101
96658,1,1,1,1,1,0,0,20140101,20170101
96659,0,0,0,0,0,1,0,20140101,20170101
96660,1,1,1,1,1,0,0,20140101,20170101
96661,1,1,1,1,1,0,0,20140101,20170101
96662,1,1,1,1,1,0,0,20140101,20170101
96663,1,1,1,1,1,0,0,20140101,20170101
96664,1,1,1,1,1,0,0,20140101,20170101
96665,0,0,0,0,0,1,0,20140101,20170101
96666,1,1,1,1,1,0,0,20140101,20170101
96667,0,0,0,0,0,1,0,20140101,20170101
96668,0,0,0,0,0,1,0,20140101,20170101
96669,1,1,1,1,1,0,0,20140101,20170101
96670,0,0,0,0,0,0,1,20140101,20170101
96671,0,0,0,0,0,0,1,20140101,20170101
96672,1,1,1,1,1,0,0,20140101,20170101
96673,1,1,1,1,1,0,0,20140101,20170101
96674,0,0,0,0,0,1,0,20140101,20170101
96675,0,0,0,0,0,0,1,20140101,20170101
96676,1,1,1,1,1,0,0,20140101,20170101
96677,1,1,1,1,1,0,0,20140101,20170101
96678,0,0,0,0,0,1,0,20140101,20170101
96679,0,0,0,0,0,1,0,20140101,20170101
96680,0,0,0,0,0,0,1,20140101,20170101
96681,1,1,1,1,1,0,0,20140101,20170101
96682,0,0,0,0,0,1,0,20140101,20170101
96683,1,1,1,1,1,0,0,20140101,20170101
96684,0,0,0,0,0,0,1,20140101,20170101
96685,0,0,0,0,0,0,1,20140101,20170101
96686,1,1,1,1,1,0,0,20140101,20170101
96687,0,0,0,0,0,0,1,20140101,20170101
96688,1,1,1,1,1,0,0,20140101,20170101
96689,0,0,0,0,0,0,1,20140101,20170101
96690,1,1,1,1,1,0,0,20140101,20170101
96691,1,1,1,1,1,0,0,20140101,20170101
96692,1,1,1,1,1,0,0,20140101,20170101
96693,1,1,1,1,1,0,0,20140101,20170101
96694,1,1,1,1,1,0,0,20140101,20170101
96695,1,1,1,1,1,0,0,20140101,20170101
96696,1,1,1,1,1,0,0,20140101,20170101
96697,1,1,1,1,1,0,0,20140101,20170101
96698,0,0,0,0,0,1,0,20140101,20170101
96699,0,0,0,0,0,1,0,20140101,20170101
96700,0,0,0,0,0,1,0,20140101,20170101
96701,0,0,0,0,0,1,0,20140101,20170101
96702,0,0,0,0,0,0,1,20140101,20170101
96703,0,0,0,0,0,0,1,20140101,20170101
96704,0,0,0,0,0,0,1,20140101,20170101
96705,0,0,0,0,0,0,1,20140101,20170101
96706,0,0,0,0,0,0,1,20140101,20170101
96707,0,0,0,0,0,0,1,20140101,20170101
96708,0,0,0,0,0,1,0,20140101,20170101
96709,0,0,0,0,0,0,1,20140101,20170101
96710,1,1,1,1,1,0,0,20140101,20170101
96711,1,1,1,1,1,0,0,20140101,20170101
96712,0,0,0,0,0,1,0,20140101,20170101
96713,0,0,0,0,0,0,1,20140101,20170101
96714,0,0,0,0,0,1,0,20140101,20170101
96715,1,1,1,1,1,0,0,20140101,20170101
96716,1,1,1,1,1,0,0,20140101,20170101
96717,0,0,0,0,0,1,0,20140101,20170101
96718,1,1,1,1,1,0,0,20140101,20170101
96719,0,0,0,0,0,0,1,20140101,20170101
96720,1,1,1,1,1,0,0,20140101,20170101
96721,1,1,1,1,1,0,0,20140101,20170101
96722,1,1,1,1,1,0,0,20140101,20170101
96723,1,1,1,1,1,0,0,20140101,20170101
96724,1,1,1,1,1,0,0,20140101,20170101
96725,0,0,0,0,0,1,0,20140101,20170101
96726,0,0,0,0,0,1,0,20140101,20170101
96727,0,0,0,0,0,0,1,20140101,20170101
98051,1,1,1,1,1,0,0,20140101,20170101
98052,1,1,1,1,1,0,0,20140101,20170101
98053,1,1,1,1,1,0,0,20140101,20170101
98054,1,1,1,1,1,0,0,20140101,20170101
98055,0,0,0,0,0,1,0,20140101,20170101
98056,0,0,0,0,0,1,0,20140101,20170101
98057,0,0,0,0,0,1,0,20140101,20170101
98058,0,0,0,0,0,0,1,20140101,20170101
98059,1,1,1,1,1,0,0,20140101,20170101
98060,1,1,1,1,1,0,0,20140101,20170101
98061,0,0,0,0,0,1,0,20140101,20170101
98062,0,0,0,0,0,1,0,20140101,20170101
98063,0,0,0,0,0,1,0,20140101,20170101
98064,0,0,0,0,0,0,1,20140101,20170101
98233,0,0,0,0,0,0,1,20140101,20170101
98234,0,0,0,0,0,1,0,20140101,20170101
98235,1,1,1,1,1,0,0,20140101,20170101
98236,0,0,0,0,0,1,0,20140101,20170101
98237,0,0,0,0,0,1,0,20140101,20170101
98238,0,0,0,0,0,1,0,20140101,20170101
98239,1,1,1,1,1,0,0,20140101,20170101
98240,1,1,1,1,1,0,0,20140101,20170101
98241,1,1,1,1,1,0,0,20140101,20170101
98242,1,1,1,1,1,0,0,20140101,20170101
98243,1,1,1,1,1,0,0,20140101,20170101
98244,1,1,1,1,1,0,0,20140101,20170101
98245,1,1,1,1,1,0,0,20140101,20170101
98246,0,0,0,0,0,1,0,20140101,20170101
98247,0,0,0,0,0,1,0,20140101,20170101
98248,0,0,0,0,0,1,0,20140101,20170101
98249,0,0,0,0,0,1,0,20140101,20170101
98250,0,0,0,0,0,0,1,20140101,20170101
98251,0,0,0,0,0,0,1,20140101,20170101
98252,1,1,1,1,1,0,0,20140101,20170101
98253,1,1,1,1,1,0,0,20140101,20170101
98254,0,0,0,0,0,1,0,20140101,20170101
98255,1,1,1,1,1,0,0,20140101,20170101
98256,0,0,0,0,0,1,0,20140101,20170101
98257,1,1,1,1,1,0,0,20140101,20170101
98258,0,0,0,0,0,1,0,20140101,20170101
98259,0,0,0,0,0,1,0,20140101,20170101
98260,0,0,0,0,0,1,0,20140101,20170101
98261,0,0,0,0,0,0,1,20140101,20170101
98262,0,0,0,0,0,1,0,20140101,20170101
98263,0,0,0,0,0,1,0,20140101,20170101
98264,1,1,1,1,1,0,0,20140101,20170101
98265,1,1,1,1,1,0,0,20140101,20170101
98266,1,1,1,1,1,0,0,20140101,20170101
98267,0,0,0,0,0,1,0,20140101,20170101
98268,1,1,1,1,1,0,0,20140101,20170101
96778,1,1,1,1,1,0,0,20140101,20170101
96779,1,1,1,1,1,0,0,20140101,20170101
96780,1,1,1,1,1,0,0,20140101,20170101
96781,1,1,1,1,1,0,0,20140101,20170101
96782,0,0,0,0,0,1,0,20140101,20170101
96783,0,0,0,0,0,1,0,20140101,20170101
96784,0,0,0,0,0,1,0,20140101,20170101
96785,0,0,0,0,0,1,0,20140101,20170101
96786,0,0,0,0,0,0,1,20140101,20170101
96787,1,1,1,1,1,0,0,20140101,20170101
96788,1,1,1,1,1,0,0,20140101,20170101
96789,0,0,0,0,0,1,0,20140101,20170101
96790,0,0,0,0,0,1,0,20140101,20170101
96791,1,1,1,1,1,0,0,20140101,20170101
96792,0,0,0,0,0,1,0,20140101,20170101
96793,1,1,1,1,1,0,0,20140101,20170101
96794,0,0,0,0,0,1,0,20140101,20170101
96795,0,0,0,0,0,0,1,20140101,20170101
96796,1,1,1,1,1,0,0,20140101,20170101
96797,0,0,0,0,0,1,0,20140101,20170101
96798,0,0,0,0,0,0,1,20140101,20170101
96799,0,0,0,0,0,1,0,20140101,20170101
96800,1,1,1,1,1,0,0,20140101,20170101
96801,0,0,0,0,0,1,0,20140101,20170101
96802,1,1,1,1,1,0,0,20140101,20170101
96803,1,1,1,1,1,0,0,20140101,20170101
96804,1,1,1,1,1,0,0,20140101,20170101
96805,1,1,1,1,1,0,0,20140101,20170101
96806,1,1,1,1,1,0,0,20140101,20170101
96807,1,1,1,1,1,0,0,20140101,20170101
96808,0,0,0,0,0,1,0,20140101,20170101
96809,0,0,0,0,0,1,0,20140101,20170101
96810,0,0,0,0,0,1,0,20140101,20170101
96811,0,0,0,0,0,1,0,20140101,20170101
96812,0,0,0,0,0,0,1,20140101,20170101
96813,1,1,1,1,1,0,0,20140101,20170101
96814,1,1,1,1,1,0,0,20140101,20170101
96815,1,1,1,1,1,0,0,20140101,20170101
96816,1,1,1,1,1,0,0,20140101,20170101
96817,1,1,1,1,1,0,0,20140101,20170101
96818,0,0,0,0,0,1,0,20140101,20170101
96819,0,0,0,0,0,0,1,20140101,20170101
96820,0,0,0,0,0,0,1,20140101,20170101
96821,0,0,0,0,0,0,1,20140101,20170101
96822,0,0,0,0,0,0,1,20140101,20170101
96823,0,0,0,0,0,0,1,20140101,20170101
96824,1,1,1,1,1,0,0,20140101,20170101
96825,1,1,1,1,1,0,0,20140101,20170101
96826,1,1,1,1,1,0,0,20140101,20170101
96827,1,1,1,1,1,0,0,20140101,20170101
96828,1,1,1,1,1,0,0,20140101,20170101
96829,0,0,0,0,0,1,0,20140101,20170101
96830,0,0,0,0,0,0,1,20140101,20170101
96831,0,0,0,0,0,0,1,20140101,20170101
96832,0,0,0,0,0,0,1,20140101,20170101
96833,0,0,0,0,0,0,1,20140101,20170101
96834,0,0,0,0,0,0,1,20140101,20170101
